1296909
1297532
1294709
1296804
1299449
1299450
1299114
1298427
1296413
1294262
1298843
1296810
1298426
1299414
1297926
1296752
1296995
1299451
1298713
1296803
1296909
1297532
1294709
1296804
1299449
1299450
1299114
1298427
1296413
1294262
1298843
1296810
1298426
1299414
1297926
1296752
1296995
1299451
1298713
1296803
1298863
1296677
1297868
1296154
1296325
1295891
1296326
1295980
1297034
1298033
1299295
1296854
1293771
1296809
1297071
1296714
1296002
1296252
1298005
1296429
1298322
1290538
1293883
1288677
1269959
1294480
1293946
1293945
1294877
1292513
1293775
1297413
1290954
1293078
1293763
1292864
1294423
1283145
1296083
1281701
1294031
1292609
1287613
1282191
1009188
1292759
1005739
1283495
1011309
1293050
1284671
1009478
1053810
1269632
1005424
1005989
1281898
1005425
1290903
1292265
1010957
1009066
46810
1291574
1282590
1281716
1256667
1291170
1008312
1053145
1292242
1020718
1284590
1283632
1283491
1002206
1281928
1007870
1006588
1000215
1005941
1086889
1006798
1003178
1289897
1005706
1002380
1138208
1010619
1004241
1284016
1287605
1289922
1290876
1010628
1291468
1289309
1290982
1020513
1010640
1290454
1288650
1173936
1010646
1290650
1004855
1290285
1020257
1284994
1290886
1010638
1080886
1287450
1288223
712346
713345
1140273
1032824
1288558
1006224
1077255
1005590
1288581
1282036
1010066
1284468
5140
1053716
1004883
1283538
1003682
1093181
1282004
1256619
1286532
1285712
1162562
1287261
1138374
1282327
1290343
1283598
9279
1274279
1174152
322739
1116027
1168099
1100590
1268050
1159931
263960
1039474
1032821
1157756
1175103
1046308
1281971
1224065
1285097
1285097
1046308
9260
288645
1052166
1197483
1123750
1283391
1256444
1020262
1182150
1283916
1006997
1223240
1037672
1064087
1032830
1282295
1004822
1000667
1287461
1004822
1039147
1100479
1157760
1249531
1054954
1282809
1157771
1271023
1005282
1197487
1119673
1185656
1089593
1114107
1011806
1286810
1032780
1004734
1119673
1004734
1053641
1104498
1226546
1286810
1220893
1127936
1114107
1114128
1220851
1010966
1104330
1110593
1032798
1174129
1151976
1037698
1045158
1261359
1140969
1129724
1005929
9523
1040099
1114115
1131975
9502
1035920
1124433
1114110
1037695
1133025
1032788
1090336
1114122
1059503
1224109
1048734
1251893
1279991
1157764
1066054
1140066
1035207
1177899
1002523
1227446
1122646
1157783
1039377
1138439
1032742
1049967
713954
1032834
1118448
1157805
1037684
1036235
1060887
1157783
1039377
1114109
1138439
1032742
713954
1011666
1220849
1210798
1251914
1036235
1061721
1039234
1244666
1032829
1169637
1105266
1010961
1036207
1251914
1244666
1169637
1032843
1039247
1049051
1221433
1229507
1157785
1245913
1046657
1157816
1032814
1040101
1099248
1114174
321051
5241
1005477
1222404
1157785
1206239
1039477
1039163
1046657
1032814
1040101
1099248
1045262
1032758
1114174
5241
1032766
1011664
1035337
1039467
1132805
1068529
1014985
1220845
1013457
1265789
1054317
1265727
1011664
1114112
1270675
1257145
1197481
1014989
1157752
1054311
1014985
1032849
1039448
1249332
1251886
1251885
1042443
1126392
1157757
1238600
1050385
287519
1042708
1247242
1287172
1211645
1205982
1225043
1197473
1197486
1201529
1134028
1040088
1177888
1172770
1279061
1205978
1245806
1089608
722166
1077254
1244814
1263245
1197480
1039272
1114140
1045663
1020203
1040127
327727
1068922
1157747
1098878
327257
1167596
1134700
1220859
1041841
1120662
1134334
1114137
1032751
1086988
1037656
1032832
1114099
1284338
1184127
1263640
1224686
1011811
1059193
1048509
1220848
1157786
1182722
1049948
1044877
1157786
1114099
1037706
1124378
1284338
1044877
1058100
1059775
1266462
1182722
1018164
1058912
1007935
1103171
1205139
1144276
1208154
1269592
1264746
1104501
1264746
1104501
2861
1262603
1179512
1094851
1282641
1225609
1011215
1115041
1228275
1278581
1130767
1124359
1197490
1197511
1205953
1102672
237147
1051141
1278581
1197490
1197511
1205953
1051141
1043294
2861
1262603
1179512
1055112
1064289
1077269
1188107
1028669
1102672
1095702
1010964
1001783
1032786
1157800
1188107
1077269
1028669
1001783
1114124
1055784
1032786
1157800
1039529
1032854
1114106
1060682
1037700
1040037
1077266
1114100
1017198
9499
1160521
1220883
1157780
1054975
1037724
1037653
1060639
1157773
1065665
1059515
1032791
1114108
1051181
1093792
1042713
1157769
1005973
1039116
1220846
1032819
1055052
1039466
1220864
1093007
1220846
1055052
1197498
1056986
1281516
1236570
1183106
1197523
1224707
1246118
1287452
1124061
1179157
1210833
1005973
1032819
1064091
1077257
1287452
1179157
1005973
1032819
1074864
1114438
1064091
1284297
1032846
1116593
1077257
237193
1039510
1032835
1061657
1026934
1125430
1104500
1087968
1157782
1074861
1157782
1104502
1157677
1011804
1220847
1114438
1104499
1137648
1197527
1271789
1087968
1074863
1089801
1060266
1114148
1223589
1186689
1197493
1276134
1197493
1220861
1251901
1074863
1025385
1220882
1087968
1286313
1261868
1257522
1251905
1202879
1207360
1114148
1251908
1228780
1228114
1267828
1200175
1135676
1251905
1052569
1077268
1228114
1267828
1200175
1135676
1160616
1229091
1062941
1157776
1074858
1069600
1056541
1211339
1047170
1062320
1087551
1074855
1171667
1090732
1062320
1087551
1171667
1039094
1054841
1114101
1157821
1074852
1114151
1220884
664540
1084992
1179852
1056808
1283206
1017703
1011594
1041835
1183801
1220884
1018000
1074867
1264430
1283206
1017703
1077264
1251890
1278796
1077262
1265668
1272441
1206392
1021882
1069557
1041835
1183801
1061021
1033073
1228974
1183801
1032820
1061021
1033073
1032825
246434
1074866
1114123
1061001
1017523
1077267
1037680
1095856
1087554
1150869
1137153
1114116
1009392
1282024
1205651
1165217
1181675
1207767
1017523
1182512
1016008
1210800
1062387
1039421
1095856
1039487
1077259
1015950
1271000
1206474
1039257
1032777
1251887
1163849
1173462
1039257
1032777
1163849
1173462
1197478
328451
1074856
1074868
1074865
1157806
1100406
1265234
1248713
1032851
1157815
1220886
1157763
1087246
1037673
1114161
1031764
1100406
1178779
1006372
1042586
1114126
1074869
1160908
1032851
1157763
1161663
1087246
1037673
1114161
1182997
1157779
1102973
1011764
1087555
150964
1006372
1042586
1042757
1074869
1212008
1197515
1188114
1203138
1178779
1161663
322934
1114126
1251912
1251900
1208369
1244452
1040079
1087555
1112348
1074857
1102973
1011764
150964
1028318
269040
1042767
1184015
1245452
1223785
1005742
269047
1236312
1037699
1048693
9508
1005343
1269301
1180429
1283609
1719
1275029
1206908
262667
1042767
1048693
194958
1005343
1201351
1180429
1005742
1242633
1267696
1217804
1204852
1272788
1197508
1206385
1004120
1068069
329319
1201351
1242633
1267696
1217804
1204852
1197474
1272788
1197508
1206385
237287
1157807
1087552
1035311
1090731
1010927
1070313
1014356
1114152
37861
1039460
1019038
1042634
1176649
1204744
1236774
1045280
1050613
1039210
714434
1039795
30424
1116734
3081
2843
1164471
1157798
1011829
246407
1095038
37452
1087553
1039795
1011582
37452
1035812
1281502
1114160
1032761
1032782
1157824
226987
1011829
1013617
1157822
1060736
1135694
1251880
1173116
1251889
1217771
1251880
1157824
1251889
1217771
1223715
1114160
1032761
1013617
1069013
1046820
1049444
1024199
1114143
1135694
1002286
619831
226987
1097963
1220869
1060736
1049444
1024199
195003
1002286
1158447
1229664
679721
1157777
1197479
1248252
1020332
1284955
1157750
620150
1282222
1169394
1210799
1180061
38994
5129
164610
709076
5823
620150
30020
3909
1229664
1082173
38994
5129
237038
1074853
1172916
218895
1220894
1284846
1181661
1058561
1263188
1276094
1114933
618775
1197525
1197761
1035803
1114158
1158414
1008083
1189816
1011649
1284298
39130
1220860
1136620
627302
1207377
1239075
3909
93461
1157819
155114
1158392
1284467
1074853
627736
629516
1284846
1042037
1099247
277887
110333
619936
1263188
1276094
1004638
617144
614977
627808
623036
267443
39474
1114677
1060448
627750
629516
1099247
475177
1190762
619936
702513
1197513
1016516
631238
618839
623036
109644
1114163
1041783
1189006
1246982
627501
702513
2059
1016516
618839
1032822
1185078
1197779
109644
1032833
1114163
1136116
1015889
1197509
619544
1157794
1175037
6144
1213305
1228601
1197509
627501
1043441
1197779
1266718
1098214
619544
1157794
1180583
1129711
6144
1015889
1103333
1022501
538296
3224
1197485
1131779
616249
536645
1039258
1115941
1045690
1112084
1103333
1022501
1220885
1136074
2677
1238573
1223744
1197528
538296
3224
616249
536645
562800
1164209
1046174
1280648
30261
1112084
1114138
1220885
1136074
2677
1238573
1223744
1197528
1283958
1283532
562800
1164209
1046174
153271
1039519
1236783
38592
1054425
3370
1140122
1045690
1039258
1115941
1064140
1056296
181265
177242
1009528
1228519
1197492
2677
1114136
1238573
1223744
1197528
650584
557413
1197522
1209968
1039363
1045416
1259211
1132090
132377
1197492
539846
557413
271747
1197522
1209968
1049860
30323
536528
555490
1054609
1218458
39096
476203
1180489
476203
38877
1132090
555490
149105
1283492
539846
651292
615348
428936
1103416
105436
271747
637200
1114146
719420
435288
1096353
1277740
604060
1103416
622772
1083110
233083
1123496
133738
623431
716353
434273
1157770
164117
1014266
38877
435288
1096353
1268248
604060
190247
168731
692553
389161
625626
1197521
37427
1000668
168731
382352
166449
692553
1262079
4136
381642
558272
1123496
623431
5309
81203
617371
628375
1214715
1268248
39237
626492
1259190
75417
81178
638713
1190556
1040074
3830
1260694
1251898
646261
645621
641660
1134360
1042162
178648
208105
688663
3605
629360
1037736
433840
624224
1283494
553488
1177043
623415
1269719
1096669
615285
261044
2813
1172752
1060779
1134208
617736
625340
121262
1284300
1225642
1159848
617736
170364
620087
92930
30347
1265798
1172787
264916
1032773
617770
1119208
274746
188124
162572
132349
556154
30434
385116
617449
637592
620184
1157746
38484
30434
720295
1058112
620925
30331
310109
39108
103877
286409
1039523
2803
83439
37695
1082521
37695
1082521
1011807
1114097
1190838
724503
1035206
1074870
1101627
1173187
1106561
719125
1040128
1114113
1217017
1251884
1180525
1095868
1089592
1220875
1217017
1251884
1095868
1203511
1220875
1269355
1208034
1204531
1263158
1261300
1032757
1185023
579838
37561
1063043
247991
1114096
1003656
692452
1261854
1084244
1032757
1157749
1183790
1280718
1217488
1220875
1269355
714731
1042732
9278
1114119
698292
1066707
560805
4984
1261854
1271024
1032844
1114104
37522
1114119
1050828
1131892
1066707
625666
2833
1114142
1101620
1158115
1162999
3107
1039496
617576
4706
1227610
1104665
597123
1220850
1183790
625666
537785
1157492
1133766
1032804
1044017
605979
409398
658036
2272
1158115
1050828
1131892
402703
394792
342714
1157802
605796
1017416
617576
1229328
1104665
1227610
4706
597123
109748
1220850
286389
105858
631164
1017195
39213
1186826
1044183
5184
1157808
1221482
391148
1212105
1271251
4706
597123
1017600
1220850
1014824
105858
631164
1017195
39213
1186826
1044183
5184
1254414
1157808
1221482
391148
1212105
1271251
1207513
105054
38896
537785
104148
1051389
605979
409398
658036
1220895
605796
1017416
38571
5661
402703
394792
342714
1016186
237203
1220856
263145
1172448
342714
5661
1114141
1005903
1035004
1016186
394792
465464
1050150
1172448
1057487
1259281
37610
620760
1089600
5932
624851
1017195
1134247
1186826
614343
1092076
1276129
1257010
1014824
1134247
1035004
1254414
3956
530385
1028212
150749
620760
533796
634702
1000874
1133171
262330
705576
1112115
144437
1224240
1190253
1117916
150749
531740
156176
534427
1005650
590579
1017600
533796
1014824
350793
461174
65063
1254414
1134247
1035004
617872
150749
1134247
531740
156176
534427
1005650
2875
533796
590579
188317
1220881
1114103
1032793
39079
716170
608006
408531
350793
461174
65063
1028212
617872
592904
199737
409136
591147
464525
1134764
1000874
1133171
639987
349521
592342
37463
1112115
611481
618328
1197518
558777
4213
103541
1180170
350793
461174
65063
193552
1220094
409136
189038
591147
1114118
1114103
1032793
1157775
1157803
320626
349521
592342
49412
139501
193560
30295
1032850
1185848
214265
189038
1100604
1180170
1157775
1157803
3249
712729
37638
1004131
1220874
282013
1220094
1114118
320626
1167522
1167522
1157774
1183229
1041479
1017950
166100
1197516
1142636
6452
197663
609764
634879
1227976
1220876
1160642
1182427
1125431
4572
272412
1132665
1157774
1039520
214265
1114114
1100604
1142636
1220874
129233
4366
1161343
593783
6197
1257156
1261975
1264432
1114111
656009
1042725
1157793
1028215
634879
629145
1160642
1182427
272412
1132665
1264389
662898
288511
1157792
1157759
631696
633213
200180
351058
712842
591132
159436
1183894
1008257
29995
1220877
603129
576502
4652
1032828
1017950
646015
636367
39405
3671
1135370
634879
585238
202393
708342
1140980
1182427
272412
318008
633951
512606
87790
712692
1049501
1114102
593389
1052186
663167
29995
1177033
576502
603129
1284309
4652
1157817
1182629
1032826
636367
646015
1002401
1017950
37761
202393
708342
4347
196922
581920
442682
1220877
634879
1015960
1160535
3671
1032692
1182427
272412
605037
1132665
158642
288511
39070
4509
631696
633213
200180
351058
591132
159436
712842
1157759
1183894
448367
604185
2754
1084994
187579
627230
105869
58169
39405
132990
158642
1001923
632663
607544
666171
1048478
637080
673803
318008
6007
1226400
1140980
213653
324898
52301
644848
201807
1157791
87790
237251
623901
1008309
1248934
293919
87737
518981
633951
1284309
1114159
312027
5539
1006963
1251882
1273975
1259293
1207999
1205973
1140498
1238178
1036183
1160535
316570
649956
167297
1256912
3206
1980
590347
5687
1245175
105390
685681
1134161
1096282
586047
150635
623101
187541
1158991
586047
150635
623101
187541
30148
662614
604185
3782
39070
115784
59998
1005533
1157791
146131
1050227
169583
580906
487146
38611
30148
662614
604185
1228726
1251878
1186792
3782
1170398
39070
115784
59998
1220867
1005533
146131
330008
169583
580906
487146
38611
1134147
586047
623101
662614
1102626
609618
3901
1091578
146131
1181896
1040130
1024556
1259183
1238178
39162
1036183
167297
30098
1014073
487146
38611
596082
169583
1039264
517454
5236
584078
629226
219045
196062
653514
1035152
1157766
37620
441699
2264
625341
158651
1197517
704385
237346
1050151
586050
59998
1128908
699093
169583
1039264
5236
688671
584078
629226
219045
196062
653514
37620
2264
1197517
704385
237346
401985
594722
1039786
1044167
1118141
580904
3332
148461
168886
352523
91262
512538
78307
6721
5512
666728
625469
688671
6463
83605
482791
198411
303447
1114165
30409
669693
174058
605082
37842
1103477
3181
589505
617127
648697
496166
594722
1039786
715946
1114117
1093664
355789
669693
174058
129301
168880
37842
491937
589505
617127
648697
78307
715946
355789
183820
30375
6463
481067
688671
1024556
3901
668183
39300
1135060
409152
182593
6443
39194
475213
621154
1157801
123017
168149
662616
618568
611266
692470
1213447
30045
1032812
4299
477643
573491
594893
192204
570781
630478
305724
1010330
37769
605578
612121
667861
617042
209073
562033
616167
662516
647307
353857
3164
1048550
720270
611278
178799
187647
575183
643360
187657
213635
474613
615317
1114176
156568
616797
497537
1182098
1200858
153953
575333
209062
409603
1201919
3181
496166
153953
575333
209062
409603
101004
616874
54659
67013
1114117
1093664
1051866
106526
616150
595377
1197519
1268763
1014015
1187867
1251895
38339
30045
477643
39059
1066195
2897
67340
495619
140558
704385
401985
38165
105143
53117
473502
237346
1032815
575183
156568
616797
497537
1136480
1182098
666728
5067
1201919
3181
1048849
496166
153953
575333
209062
409603
101004
616874
1114117
1093664
1051866
624521
619079
207809
30245
570781
192204
573491
594893
305724
1140445
1010330
662516
647307
353857
355731
612439
1089595
557487
558415
1117116
667061
608458
667626
404240
410442
3147
1121170
626735
1047038
667870
213513
208868
653754
145206
1032852
1089589
155549
1043177
557487
558415
1184931
132013
3126
1039446
1039507
355731
612439
38751
613779
667061
608458
667626
404240
410442
3147
1121170
626735
1047038
1137406
667870
1039125
1089595
1166077
1218986
1187867
1251895
584345
1282497
2897
1066195
5873
583817
612435
1220879
1173808
1284361
30130
140558
166056
1123006
1228607
3171
1012524
57349
2079
577718
1114132
665374
659243
187637
10651
206042
634180
216350
593863
39090
1089596
602253
716792
654359
1197476
263013
1197530
1258040
1228303
1228607
3171
1271527
1114132
577718
1037708
1032778
3270
1187385
1258586
1197482
1035332
6579
692486
665374
583438
582709
133638
1052232
1045842
1096212
6034
173590
578097
151003
495516
132013
3126
2394
182593
677881
6443
38751
211553
613779
63162
206042
578097
151003
495516
132013
3126
2394
38751
1220890
613779
608458
667626
667061
410442
404240
3147
155549
1032852
1069447
78899
212569
202855
477643
495619
67340
1032852
1069447
608943
473502
105143
53117
84998
1123867
212671
609049
471357
134682
585396
38494
613856
1228277
692431
151912
149242
79759
407371
1203669
1257015
1217928
1136756
586086
78899
212569
202855
1217725
1260278
217834
1058172
1041801
692431
1203669
1257015
151912
149242
286937
1027525
1217928
1136756
1058172
1041801
586086
78899
212569
202855
1052441
1217725
1260278
217834
608943
62268
108653
163143
588001
1241558
1164851
100919
294907
613856
602016
609102
114521
511714
509446
692431
337296
606398
590459
1223700
79759
80508
379511
1014015
1089605
301117
6674
34203
134682
585396
560550
588001
163143
100919
1123412
337296
606398
590459
1161932
1223700
305843
1123412
1161932
195320
1282701
1089599
305843
692526
331338
38320
1069750
1157748
1114129
5921
30245
298595
1170323
2629
1220866
1000853
30484
609049
39374
318017
288419
169446
38447
4862
1197497
1136579
1054141
509327
178553
1220857
259769
1190754
1267289
1203545
1227616
1102296
584498
1164678
1052441
1203430
1115944
6674
301117
1220871
1012428
669955
4443
29877
1114133
305843
1100545
63162
2377
600652
39037
38320
1220890
378929
1175648
599914
3416
575430
507125
1157789
1183166
71000
2033
379511
80508
1027525
286937
34203
588746
621983
82029
143379
1052441
652300
65564
169866
654763
199905
601976
378929
4795
1175648
599914
3416
575430
507125
153908
1157789
1183166
71000
2033
39152
4862
168965
1016580
30554
1052393
716668
1017965
215052
1236363
37741
641038
572724
1220892
1267915
156546
145779
1114127
692431
100660
329330
2149
148565
680257
1061150
144639
476853
1100606
39201
390250
570748
502658
1197488
207083
101550
476349
297629
570294
631323
141006
60117
339804
156546
145779
1039545
1157796
100660
263947
3259
1278188
1267774
2292
80768
568379
38582
1032795
627677
38828
3965
246411
113459
5707
2149
80768
568379
696794
1283931
113459
1032795
1251881
1272384
246411
83834
5707
1203195
1200717
1213207
1189456
652646
38933
1251902
1039545
5909
1220352
101550
570748
502658
4045
188373
1197488
631323
141006
476349
60117
339804
1032803
592811
711138
566120
192115
463152
570604
30554
1114156
215052
1236363
1269300
192115
463152
570604
557960
652454
458673
3318
1060529
3389
67845
336873
1267915
592370
149836
1040136
149836
1040136
671707
1048919
653447
510130
667103
321436
1016293
30554
1114156
1174329
631273
452264
599410
163244
1220889
215052
1236363
1040090
3416
271205
71000
1157789
463142
1183166
588746
1053293
143379
372446
350867
716668
1160431
675169
1017965
1157753
708372
39187
1114127
35224
315496
1035304
30458
180876
39228
1053293
1224215
1228475
1277077
598519
1160431
1220957
675169
184097
144639
708372
39187
2205
37589
682442
666734
1185675
357757
703997
722144
1114130
659866
118821
624188
708380
628958
714824
186109
1003401
1202554
4936
188364
562789
76701
136576
30054
1176425
4642
1058351
399529
5775
317273
3152
34194
38951
1032795
256921
246411
623959
1168893
5707
660557
3110
692516
272595
1114144
298044
1256985
1268100
656592
1207541
1271528
1194497
1003401
620681
30054
1176425
1116496
5775
626535
626559
571124
555116
4642
1058351
1136347
1220352
1220889
4045
188373
199718
156635
6492
1040090
1246686
1227833
29934
1198962
1032803
153189
297951
613563
98207
2823
3473
3110
692516
623959
1168893
591096
30240
272595
407028
38378
6702
634540
630423
6394
1114168
1040064
597419
144173
1016293
1062936
498749
613563
98207
671485
192897
179266
139733
558374
501697
4529
503145
403956
556304
612597
1198147
315496
172627
5997
1035304
403845
645383
1228475
1224215
1277077
85237
4768
350383
5366
1161487
2653
1197484
1279661
718333
1114144
620681
1032743
1176425
37589
503058
218716
1114157
4768
3318
1060529
5366
592370
98048
503145
403956
556304
612597
5997
2653
150277
70044
693816
403845
1197484
1279661
718333
645383
1039262
1114145
452717
597651
573545
170955
568295
722094
203049
192333
625263
216081
279474
648698
1114149
613003
604019
104318
653356
629483
146390
3110
692516
626220
5122
320482
296691
4290
30240
141760
6218
1025940
1170561
29884
1032743
503058
38155
630264
1114157
1220862
625263
216081
648698
3008
1114149
653356
629483
129134
208118
1157784
181455
653371
604380
1119517
59032
316566
653442
597394
179850
642816
642816
674837
85162
691080
105174
38956
1130086
65580
85551
279474
585235
107802
700082
1172793
631277
102394
38963
215762
212190
285823
624188
5652
6170
186109
714824
628958
436014
38388
5177
416523
483373
659351
1229663
1116496
626559
555116
626535
571124
39272
667742
483373
641709
1225534
1069110
59736
3091
1056507
296066
1089597
1169650
1040040
1037616
4808
3754
2404
1185847
2980
631268
1059760
1157795
705898
2311
1183147
3927
37531
5122
296691
6218
38979
195098
1170561
1025940
1228127
1220862
218716
591812
168811
1140219
244313
1017445
1139821
589762
357693
2734
39220
1010973
595113
144304
1183147
3927
212557
1170277
597453
1251897
1190484
266614
705898
1048133
199746
210540
266614
705898
199746
210540
218716
4661
1017445
611178
626294
622014
658417
38820
1211123
145368
608628
432022
659389
38979
1016550
195098
655895
593336
120274
597453
1251897
1190484
266614
631340
651848
637659
705898
1028773
1048133
199746
210540
208544
594627
6482
268029
1185669
1089590
1017445
38680
38475
270655
658417
4661
1016550
611178
626294
622014
38820
1220897
258497
1211123
145368
608628
432022
659389
76822
1251903
1262073
480541
147298
419566
1197495
39489
294830
287980
1251909
30339
619119
257903
142788
60906
1203510
1114175
241441
1039403
487209
658417
1114178
4661
611178
626294
622014
37531
38820
418092
1211123
145368
608628
432022
659389
76822
2369
433329
668155
1016550
1039099
1225534
4604
59736
3091
112621
667406
645474
3097
192278
638650
1251888
191930
1271688
4599
2714
1139989
1171051
644946
637054
1059760
1000783
1114154
1068214
30202
2834
632772
527574
1119145
298708
38359
96906
211016
207812
127011
523063
55007
527554
120269
144901
146380
664444
205375
581463
71657
2791
1089607
1089591
76822
451666
584183
138612
522804
664643
489760
199746
210540
66761
493328
4661
1017924
1089591
584183
5038
138612
522804
664643
489760
55857
433663
66761
327662
64947
187472
493328
1017924
2485
1000548
498476
1161197
326892
489906
1046827
1045329
213013
668155
1015821
30286
499486
489830
1043925
162625
151022
433329
38759
316365
1117524
1157812
3801
29941
1032715
5346
5942
519371
38660
1032744
4777
1114155
3325
1157811
1271688
1251888
191930
38759
316365
1117524
160464
191987
179853
195358
191978
1000783
261197
2834
1000548
4489
2485
1186517
1103055
673919
522735
181769
169647
192003
1095960
327662
1161197
326892
598916
526071
169119
617652
2184
30315
391039
676085
1251906
1011805
396941
527491
639039
497488
150841
203083
136522
488410
6405
663883
83261
1098215
1002859
38523
250562
1103055
1186517
673919
522735
181769
327662
500892
169647
192003
1161197
326892
37779
517197
598916
526071
169119
2810
30315
345282
3689
1204643
1272396
213013
684166
549391
4405
30232
262906
634138
596985
3315
3374
549831
185362
151022
3086
634307
723381
5132
73740
162625
3801
652837
1004999
1157820
2694
3048
288478
578160
4814
5520
1032715
208420
30355
583855
158933
143997
367658
598997
430731
91132
1032759
639459
144999
269983
148007
66194
659918
423309
330609
668236
551194
38660
4956
209899
452418
4777
148879
1089598
2810
517197
715322
37443
703424
25929
1157814
1059770
1114164
345282
167328
4489
328183
139238
262906
39181
185362
1000290
634307
291264
617652
3086
38467
677414
1015505
460318
702486
306338
1272192
30355
3521
325653
91132
638673
639459
144999
1138341
38650
668236
181999
326925
333035
230600
289999
652500
655342
655019
37443
1193680
1268488
1259016
1227556
1151296
1151848
525989
500244
130238
294565
291336
81833
179853
195358
160464
191987
191978
290123
326925
333035
289999
1284363
702158
3492
617737
452670
2703
3230
305644
133016
578371
25929
1059770
1157814
1222912
1114164
702158
3492
617737
717257
3230
300348
157202
3221
3200
328183
139238
4552
1000290
578399
142454
38127
3119
659887
6302
550282
3030
6655
702486
148288
1272056
3521
637741
653366
268242
1272192
260423
582447
37657
209685
148907
38650
718994
721845
605385
1271634
169089
283323
38798
186049
1277341
311132
1157787
1052179
1114169
3118
1046799
404086
74309
30794
656549
582447
4552
291336
100872
179964
146091
667069
6302
1281905
605385
3030
193633
38798
4202
6655
78583
290020
163314
670060
148288
1284392
30153
2454
713613
161954
389576
59131
162385
3633
1185429
617544
1284363
144981
1110199
290123
1268488
1259016
1227556
1193680
305644
144981
1110199
38650
237276
9377
1127493
721845
283323
3322
1017254
186049
1277341
1151295
311132
1157787
1147940
700436
2454
261354
1246430
3633
700436
1151483
1103085
2454
290123
1284392
2829
715387
1185429
617544
1284363
4461
587457
4726
452670
144981
1110199
305644
133016
157977
195302
134769
655727
1197526
588136
132802
1200947
1046799
1268488
1259016
1227556
1193680
404086
130238
656549
617026
2610
274153
4414
1197526
588136
132802
1200947
1268488
1259016
1227556
1193680
130238
4414
1225165
29964
162395
131390
104535
1096601
545236
83848
334645
590037
154100
132802
1200947
387916
1062671
640159
622151
1220868
591746
29964
4716
179964
146091
667069
2569
294793
1096601
545236
83848
717139
652923
1280552
595585
239478
712198
421699
110348
600388
599167
588136
593139
1117428
184741
387916
656660
289595
263526
2422
659419
1225165
1117428
184741
2195
1220868
263526
2422
629079
659419
105042
294793
1210893
717139
537243
162395
131390
104535
289898
325800
1241390
1200074
1157809
261354
1246430
435589
1224824
38435
287253
38217
39001
1001671
39168
1026903
331412
610743
206408
407143
1099690
710262
82968
1240771
37628
532108
1017254
721593
3240
711053
1157809
1147940
1281545
591049
654937
261354
596104
1171648
1246430
664908
3501
38435
197124
544790
57232
1281545
1276363
105694
1189184
1157762
625874
664908
38621
264180
1039335
37880
382665
463078
1006011
2829
715387
4461
587457
4726
4726
82788
5164
65590
543883
97409
590037
39025
576938
652411
38839
654162
118911
263443
2601
271661
591608
37436
6226
2919
331412
1099690
271661
37436
3287
1240771
655426
721593
5355
37705
2844
37628
161461
6263
38917
220765
141712
1281545
467463
1276363
263443
1039335
2601
1006011
271661
37436
6226
656309
105042
5164
596252
268706
289898
1200074
1241390
1272625
590183
30269
589360
2174
707320
652596
656094
400894
83380
569415
465571
270909
1269605
289595
696784
590009
1157790
106405
30174
37927
2686
537210
361146
584152
590183
294793
717139
487734
1111057
62515
400103
325800
655741
199603
1280552
295058
307169
54497
567978
713635
585836
1239708
2165
579827
362896
720735
1055539
590667
230608
4433
37927
2686
537210
487734
1111057
339767
65051
655741
5793
288599
703552
690289
178828
723186
54497
567978
692544
579827
484539
568390
580083
652596
569415
656094
6597
4538
1001674
298965
1209609
1190903
289595
696784
400894
83380
567978
589741
579827
484539
568390
580083
652596
569415
656094
37685
467786
696784
400894
83380
2139
30306
688613
652420
590009
4946
4433
1099249
487734
1111057
30062
1039128
199612
199625
339767
655741
306215
5793
288599
1286755
567978
60949
589741
579827
484539
568390
5300
1264064
672014
1204844
329288
328051
4452
30062
199612
199625
2229
66021
285023
161461
589741
467463
652420
219655
258468
4946
692498
1114167
2139
3363
688613
591164
658796
654889
338326
39126
587362
719550
539156
586693
1064394
4533
593615
38288
1002909
5727
1002909
5727
1224765
2516
5300
535915
1264064
592096
563418
583900
319802
336044
2567
90197
4387
5549
5142
138329
621265
295058
5142
148489
165648
500001
595770
130030
138329
535915
651021
593586
1007256
319802
427209
94034
144495
271104
2567
678972
723579
4387
589640
337500
208221
1972
3710
588926
1180085
1266772
1099249
1168666
654093
269329
6365
473707
30528
1039128
709380
649792
594090
11728
60949
5793
5226
588926
3595
654093
269329
6365
473707
649792
594090
4908
1271703
213033
442567
160244
185687
568737
654485
668367
269329
144495
678972
5226
3299
160244
185687
568737
654485
183399
3595
443315
101620
501376
592598
654176
94274
3244
1120594
332913
86436
148489
165648
500001
595770
651021
424375
1042932
2864
99903
436895
593586
427209
94034
236984
38943
174956
144495
672014
678972
2864
99903
436895
236984
38943
174956
672014
2950
37751
567967
659595
2229
4575
30225
269558
176644
696241
66021
39146
6161
492097
501495
1177794
616701
5765
278186
4575
30225
269558
39146
673381
171112
93032
49904
1197503
5431
39206
670897
595079
659237
1275383
3279
492097
501495
1177794
171169
118184
616701
319802
5765
621410
426189
696241
2763
277393
171112
93032
718939
683174
39206
1227954
1197520
1275383
501495
616701
621410
426189
5765
696241
2763
171112
298920
718939
277393
683174
93032
595079
3875
424361
63245
4852
4591
488643
486609
436194
490850
1139777
83657
1227954
1197520
1275383
334275
673381
600285
277393
1197503
430241
683174
30383
4908
634042
335396
496999
665351
1276368
6683
333063
120939
691602
143049
583069
659748
124889
135140
653881
82398
37751
598762
168302
3975
168302
3975
476767
176644
600103
199355
4055
29955
660117
192800
624686
39118
3306
665690
653050
660903
653401
266522
692460
222421
598762
168302
83657
600103
1139777
1045789
38099
29955
1178292
567006
600285
1062991
192800
624686
673381
39367
1197503
333063
692460
222421
37647
4028
1282733
182970
298920
3875
5449
675043
632682
1251892
206339
267404
681924
194452
2095
634042
38770
660117
49126
665690
5057
1266236
6616
37647
4028
1282733
237240
182970
5449
675043
632682
1251892
206339
267404
681924
194452
2095
634042
38770
3700
7148
30741
39084
274605
620716
630266
563275
1056445
691224
684869
504250
263870
39032
5012
131384
183946
270619
39445
485235
5678
620716
630266
476767
1056445
109517
684869
4055
39032
5012
131384
183946
689228
39445
268978
5678
144768
585367
624425
722574
619336
594218
5951
654383
655580
473060
1220865
30741
3016
2929
161715
580142
37419
38080
602829
4003
683746
3099
17830
5012
6069
39445
39367
321977
681440
622490
123687
29893
722574
37790
665347
168421
6329
66242
323154
1158510
309387
197712
297422
625546
1131174
6329
629372
667481
37916
625121
696684
1018337
1119171
267327
1009873
182970
625546
2351
626514
84801
2051
1282733
1032841
206339
196040
5095
683746
121115
415524
417710
624151
1131174
3444
6069
567144
4898
64981
414815
29893
1209094
292112
26173
6117
666688
620640
202502
5625
142360
50531
2007
680634
294260
4011
2414
37473
4565
470809
131933
414679
4966
3401
39084
39052
77346
620716
416548
3401
1158091
565717
39084
39052
77346
620716
630266
3551
303877
83768
2938
169085
39032
5853
131384
39383
334153
5678
61052
201815
5485
1157765
334863
80348
53221
299325
567863
680269
79672
101737
6125
5625
39319
686046
231061
6645
6283
66143
1130308
4011
2414
37473
470809
38701
1116781
698929
570976
15811
1128448
3728
696684
1018337
567168
416410
2501
133324
626576
456734
456734
458788
2501
663812
568426
4872
26173
137953
50531
1259904
81749
622473
30070
177739
680634
272147
340599
510003
409389
165252
624542
116074
38641
567168
416410
396400
479878
162469
4898
133324
626576
456734
458788
663812
568426
1279036
167524
26173
137953
622473
272147
340599
510003
1114172
409389
165252
355518
18065
468244
2989
316160
87629
417647
711743
268564
462835
689042
506306
252418
1204590
333813
1114431
1213188
5149
695564
184385
144896
2890
719301
30563
6179
482806
4073
681838
76975
582391
322341
37551
30546
322106
4623
56889
465003
68765
39158
395359
698929
2249
480799
5174
1217445
146562
661551
166855
3541
1039404
163963
164431
140351
30070
166855
169428
2992
3541
1039404
163963
164431
140351
30070
106629
652400
38310
73935
91314
661221
153984
110419
5744
500894
578838
2989
689633
390582
686410
38457
680874
584497
119136
503619
118701
198461
482004
1204590
282056
1116997
1127321
695564
503202
507028
509859
91314
270000
166258
165252
355518
500894
578838
5206
2989
678499
94714
655413
680874
390582
536260
584497
119136
38457
455665
412617
5336
148045
713362
62614
1271034
1195005
580245
169428
2992
5048
395359
652400
38310
73935
159843
661221
1039404
166258
140351
678499
413665
453281
500894
578838
1041276
89703
680874
669497
179634
584497
119136
710983
456187
669682
222783
153916
642911
198461
39014
282056
453281
356043
1000784
705405
1041276
89703
6521
1207171
1206725
710983
456187
222783
39014
669497
179634
669682
153916
642911
181186
6424
305296
5105
237321
1222649
705405
3452
359356
259226
1224823
682027
254551
356043
1000784
669497
713711
684219
669682
6521
1207171
1206725
86739
705405
3452
1224823
682027
254551
669497
713711
684219
669682
685133
237170
5216
687757
5186
296415
305358
5717
5336
148045
5216
532756
70393
296415
305358
535932
684337
53677
6052
257849
57511
178667
159135
538813
179918
78577
426454
78517
717903
149765
717326
1205095
28895
84007
717903
621905
266720
39329
261462
1008124
443525
179634
6187
153916
642911
701304
261023
505871
110318
1176592
426038
143454
579119
537986
445094
706363
212145
724273
531914
642845
509280
648974
650851
497770
28895
505823
670178
534163
92923
206471
30029
1205095
112278
2365
72479
214113
647005
266720
182532
71238
31540
675389
502529
653776
426038
143454
187252
1998
70393
164334
170116
621905
92923
94224
39329
599160
442815
595540
590827
6187
505871
1002017
31060
1176592
576594
712706
179911
7362
39393
491113
206471
170116
333255
149765
372528
670629
94224
599160
442815
595540
190373
50998
590827
208919
598993
712706
39393
625875
497780
38089
579199
63932
587616
450502
648958
496628
411028
633860
96575
576968
243724
153972
720626
1258369
608446
576210
580064
82931
651915
620586
720626
608446
576210
580064
82931
651915
620586
650168
581854
648281
652055
651791
410445
506064
333255
106052
623897
494213
409945
3567
650168
581854
648281
652055
8855
651791
410445
506064
333255
106052
623897
494213
409945
709744
3567
715694
1032813
649574
1277297
1114173
633224
573952
649574
66365
1114173
486677
640751
167340
156226
162810
608445
573790
600746
3192
1204758
484656
559211
105911
38298
685959
648281
652055
606213
590917
651791
410445
506064
106052
623897
237297
37870
39113
175290
494213
409945
608804
608037
6385
606120
634957
1032813
149848
608129
1277297
186538
329248
28821
265717
164074
190835
256786
4374
566573
641936
231512
171000
562428
608754
633224
573952
171000
613343
246476
165431
608129
149848
186538
329248
38060
265717
4542
684705
123855
677254
1131046
4374
566573
587087
577859
641936
4542
256786
713950
677254
566573
641936
231512
199451
171000
674106
562428
608754
165431
299396
660341
561314
657328
608692
656496
608082
706452
472751
294272
299396
231512
6385
57091
720375
491502
633700
279695
673764
652417
237265
37512
670382
185797
660429
608792
608814
299627
307325
38907
693728
143740
2319
28872
136630
1008605
62711
706452
472751
316358
174923
57091
601543
720692
641952
633700
279695
660429
222329
608792
274382
80276
714457
223937
140183
658339
3065
322705
28905
1052400
271480
1124467
479340
230653
1007374
473742
2319
625306
639429
627496
646214
622026
322705
604192
637565
1052400
174923
140887
230653
260799
244847
131164
6433
54844
29982
612203
237124
558796
277059
161039
667600
240409
666694
37579
562830
1241600
497089
237371
614387
170221
622103
3531
710608
88719
2110
152417
285746
274382
3745
156112
279441
223937
363908
270079
89205
291670
323013
1241600
497089
4065
3235
1013114
198991
612221
59443
3918
37408
244796
323013
1241600
497089
3235
1013114
55660
27083
198991
612221
59443
3918
35659
4696
31529
38849
261120
715707
682075
51375
561653
5614
262163
463550
28963
637691
43028
497239
435550
138521
173635
165149
29982
662772
138350
665228
662170
286749
498551
497018
323013
79642
3235
1013114
28963
637691
43028
305744
670594
173635
165149
40532
35659
665228
4696
715707
84937
41475
4155
463979
495254
202069
152417
3049
259602
125750
275731
672268
247735
290883
262256
639499
632747
666987
497793
3857
28885
1001067
670846
316498
275731
672268
639499
632747
666987
290883
288231
497793
3857
663020
498616
165839
269907
1001067
143238
670846
316498
498596
498657
562144
495254
80762
259602
153378
263666
5246
248883
288231
663020
498616
165839
269907
1001067
143238
202069
498596
498657
290615
30624
275731
493795
47479
320796
447196
261120
77786
682075
246160
51375
2157
275002
259234
493803
314539
497212
493814
274895
153378
263666
670594
142151
248817
5255
279768
681780
170305
387731
5002
38230
266046
320796
447196
262956
259234
2704
288231
445673
246160
663020
498616
56768
493803
165839
719040
497212
493814
269907
30595
143238
498657
291248
164906
498596
687368
314539
274895
488267
260400
497180
498643
50817
497036
296253
260400
464258
627362
103247
675949
163299
3984
115822
487492
21587
103229
506673
279633
218771
111284
324503
290991
115822
487492
53989
21587
279211
103229
683056
506673
387463
279633
218771
290991
38602
248817
440107
2961
279768
292173
630214
5843
506673
387463
500853
242479
218771
290991
38602
31582
25918
698269
296755
2961
292173
630214
5843
280818
279434
256776
150447
709834
46635
625634
290991
258765
311877
236355
508521
485515
3407
31765
2620
28861
345315
288175
286915
125305
381705
624168
5843
280818
284309
701994
236355
2586
300667
3407
31765
28914
173440
28861
32218
125305
381705
624168
661932
488935
703060
2728
345770
52850
703060
681292
707867
2728
720370
4193
269523
5017
271793
349676
38263
286399
2558
30771
21170
3847
28934
30783
272108
161016
625634
311877
293000
271793
235399
30771
3847
711679
30783
272108
2972
37780
21170
12321
28934
1167767
292840
2542
161502
30721
37780
12321
660777
1167767
292840
2257
2542
30721
720379
658791
505343
31818
280187
328415
484105
9498
704453
501402
502422
703815
662057
171283
229959
2017
663171
293000
13884
6043
235810
26250
282611
235399
6559
174224
711679
2972
12321
292005
1167767
292840
37724
280808
628625
38368
4100
220197
288790
507007
13884
144058
2744
235810
296047
274937
32145
6559
30702
290543
506732
2423
38368
4100
698249
328415
700909
704453
2744
2214
32145
157923
703815
39263
277747
247900
243689
26744
59994
508933
692507
3624
673534
3391
286146
662057
171283
175301
507007
663171
144058
298951
711223
31572
301875
280826
38003
30478
282611
4109
290543
288186
38254
1056601
711223
31572
290836
301875
24047
5533
38670
4109
315121
293545
288186
687172
26366
286897
59746
70384
273394
6254
687172
199294
284639
678266
435440
693829
664899
6254
281490
706260
272480
2676
581865
26744
180088
582125
43803
5458
3216
679922
121755
2023
311979
239641
517246
172547
37935
30536
38195
1056601
139026
32855
30868
690500
2434
38670
26384
2539
2886
322293
577479
284639
324789
678266
435440
664899
281490
320585
705149
39246
297359
284134
284649
581865
43803
582125
13857
234334
279761
38349
38349
279761
270717
87325
271328
241577
5458
290212
303640
294722
87311
256770
518334
641083
5168
28993
269442
2953
30011
669258
279796
709423
30868
690500
4556
232069
640485
701669
2539
638323
2886
322293
572447
514616
278936
635005
667851
83624
4619
170467
4619
170467
83624
70709
6347
577023
5028
280630
717571
514504
269442
226629
520185
303640
719191
440635
91819
285033
668551
32617
704380
679538
285123
309732
6606
306545
52419
665007
6711
322809
2491
284160
661249
2413
31475
113633
2943
2471
6016
5834
10389
4242
676394
6016
5834
700165
46483
2646
288352
297075
241548
668535
6414
178401
30011
39482
432691
5595
209947
70709
284160
161179
669962
293626
39482
5595
30505
30167
676394
37993
30123
54415
247743
2408
700165
3811
326005
200110
164714
32468
7279
5968
639869
700165
26374
661249
288765
702494
250118
13410
288124
2471
272982
2615
37715
188177
22975
527335
28840
39425
709434
28840
2283
642306
642299
305393
231616
30712
5968
284715
661249
522688
105207
2236
702494
250118
2471
288124
2615
37715
247031
8906
161179
637
522688
323488
54415
247743
265849
30806
5421
3891
30673
279753
5585
30712
522327
697904
105207
3419
81704
3252
329586
3772
286905
522688
279753
522382
522327
3361
6501
640823
674412
5285
6206
104077
127564
160185
329478
3891
525703
30673
171017
6077
6235
3352
4356
38927
697904
8238
3012
6375
3419
246237
281383
30816
28801
491079
486852
488885
6375
14210
305542
17124
279789
667808
4758
4609
5039
701681
491079
4562
38117
282961
86025
672423
1284261
4787
4804
81704
165752
160185
26404
2607
3060
147618
171017
3352
4356
17124
279789
208176
4758
4609
5039
200252
51875
86025
273729
279648
38175
28924
640457
676379
683683
4890
51875
3040
208176
273729
200252
48301
238000
715769
173359
39281
248907
2583
68483
279662
683683
284490
3040
37675
279662
23902
30498
303979
283951
26903
6061
5029
296762
5671
67408
60087
39281
248907
5754
93172
296762
28780
67408
60087
5754
280551
175691
262027
3342
280834
93172
3792
4519
30003
30859
90119
66792
3380
685549
30442
30682
30442
674402
2799
104068
177397
4036
2070
675550
4091
292363
167053
30391
677108
237963
80883
179303
3763
673677
282156
3763
4670
92761
4926
80883
187526
2959
7250
606071
68221
65604
179319
606392
5327
230136
603734
607926
88014
317162
5159
140635
99548
5577
5159
2359
166972
3002
26914
89727
2379
304013
673054
316962
325082
92391
23745
26925
250112
164532
16008
143527
128875
164532
16008
131494
181977
653821
8934
652643
707026
649347
704798
3883
38541
660075
658027
30036
121061
167727
280978
38013
3643
280333
1052530
104935
3296
27146
10136
