499022276467821084
1897063853129165340
648151036433230245
2075834913316528508
619674919000625732
2138243696412971228
920522962468239859
555500412802937452
393110317122381725
1495907595008768739
522461525020616885
2202795453186695668
278676932
1448082147215657220
349745198
2051775177615106507
488267381897859612
807675081895780972
144075662
123258219
1927464505129525947
918001953925498579
1175527405920942059
563224431055284604
574626017
468178511
340778295
746927220878630612
1702264091455130100
413946857
528230704
1306980336906782619
512872822
651827012769777205
1962315152570234420
1960749492133508780
553884923055050532
1704705109340785300
179336371536799484
810812355749220372
469164838
1735012406820159347
109911426
744193488949174732
229185270
496326922
553949551
86574782
1882123689793405228
1882648985075991068
2268535290942169508
302344107
341059395
412671566
575803730
63518060
41521496
69036099
1731631326898413427
359907655225700692
1861862874907127827
385501908
811036241110228892
62847751
1948387945565033188
1671391356164293307
647079961443068045
1732160336946495347
1385187325269944380
235387469
2076848401542832228
497894584
1926587413484925627
626122565880449044
330205920348227685
435175755495061964
649004016330471005
1640401469548001820
1605359954914050747
1046138733018388859
873824621346619372
1703054160069355300
1705171111527823340
623682892695025484
1641301252566149460
431588011324750244
588376192
360418106858053612
647192088493902405
243916362089560364
744526710170039012
246355781671369204
83503083
562498234
617489103412068652
1371397331522673339
497357961
680430979528630372
1894343305241119380
304888410242811444
495699560897378404
2056657970885378387
1801793583217102987
135580880
489774703
59942095
751488144809580204
1899651655635241620
429186863559217372
390501743593416565
2267305240132149268
552893383703007652
625996564761012164
626509198882453524
1574091446716856780
425249307
77311160
170618144
135050605
197914627
539648183
1243021517662628059
1445967033305077620
647007341056887125
308635920953001804
1862679484866859507
127177531
1605487507561689547
2140300923796614748
127016666
520932931202934885
590194687
50049458
590832701
2121568593254638307
1962809818745251420
520486393085508085
690517165749868284
920400352688978659
363729582
148262665
2010135570017292948
577356405
242633452
1958296952275978940
457323062
582279933
587400471
1830044332632074540
1047047810556508699
1110731621958482299
1304926601697208139
489704043372655372
617252964675019292
712683535710132005
429875070129488292
109327481
309346296039655724
1384115951225906740
574671796
266201
539743497
370570041842776404
428041213201374852
243539965123427044
288318127
649134049628780565
548210523
371782073051920964
158254469
872374449233560332
2118147307246174707
425045642174411172
1895209791262300460
1540114029141761707
1431465801538202339
417416783
1704122322806937140
1386649842662697260
309136732223759924
1707126896101591020
1959987639687505700
454404621356755205
204155798924457525
547612326
357540539
303109622097291284
482503281
277870238
393458129
190772975
186245524
238876964
245071892
487629919
1510718066254735220
558719742
239488772091787164
1731223192183738587
626350682525293284
147655583
351229106
137912759
12577246
71087375
53459359
88531760
244635207551822564
1642062303214888660
1885446055948218268
365529152862031892
493628843480113692
1860820095963332267
560772628697667884
580380971
1451665730117007740
1179362909345270339
877324281836244852
685753844631212012
360624784
158431865
126382553
287290793
986422782417991299
1304679059400981099
1962415503049759020
30926165
143104468
562190016
302462961
983231091091322499
294738396
617973369743205132
294508806
367606966332401724
83245449
126504191
279362557
1948657412376915708
583868960
495683163369929444
1542401714173984467
454669481346013405
1696141354602959188
38087228
89055300
143618887
624237594015852244
386830674
468011553
133343185
329085292
646890713513457245
440455272
331174041
1541037025320992587
1431074605367203899
1110392125606062619
553354932794293892
574798732
1925525991687569187
1796881958324584707
752054413978056244
1797445831684518467
1606792852276543307
1757394697689734828
1175601451075205139
456080402704963405
520101711603472205
545375451
1604199067537400147
426180604
198649780568521125
2116167529255252427
2074011344102842828
550758106
305176074
1671635745828548707
533423121
2076587979098862308
489830875
306376037
937847875994386892
587942884
137167365862980325
288370275
455471021
520700575027964565
133618272
714119003586177245
177647972
1990435921048096307
128480641
368709407878272844
152373721
121494637
1690060008731148708
1733838095589429707
361257394
129017126
87360900
1433793484552018619
1738592360067330627
1372679974084761619
26549757
327050803253439085
1574684855975393860
103246157
425924315979661572
1383095074935490340
648739092619926285
1924585090281136667
239777365027108804
1431905210077010299
2075895297604498068
1605912102490104547
1605911717620297867
2117754028023657067
938015202544115892
2055027860748280227
500925810
1434634921314047819
1860021163421278107
623461479422798604
285013526
106506292
559995121396599244
582756861455775685
808154471798382492
2010423674350031028
459201782
1431601333089311459
434411618
1831408323620342340
154872295
552416184543424732
480263687
480263594
139116686
876532099246723772
145959216
204288340
240688879
251385087
225621477
1047531258316564019
253856390
178326508
180105906
137989609
232429035
561261391
618180862780792612
1111071316063816459
2138106789480624468
617783721447248652
367423207
2266187490668269548
135155843
29059166
32934666
394374445
107217233
420052190
461486127
10680878
623685968703411844
1692705429851393908
232675186
2268665106982740508
1240787773436263139
427303689350418372
1494216680477255819
490809263
2202296867067937108
31322353
352998973
184007683
397462603
325042383
91291823
448980710
579770757
1577780474088827660
153246577
1860402633397137507
1702051466310686380
1383821572956108340
1446305148669982940
21181894
418270714
752468522549684644
577895580
520418529980115045
559466340154723044
576296952
1641148862372095980
1755599035186598108
465436035
137913350515800645
552219986
1672992698581700867
85895026
2054336389388669067
8954148
314329784
315292631
54089215
1882999569263055108
1543067658834793187
1797506177958248427
1430552840689797059
86447433
102761271
404976222
94706969
488672995633508692
215027937
197282512
153963526
1832775768698255980
367666406751586884
113020780
1605555070250733667
336935680
120348008
1988399426840936387
199885167
94532980
244483255
478027066
262963121
67055301
289549014
489037412634099692
250264233
262904785373947725
1604177364043685827
920076691512862619
462227364
1734420946809315027
331230037691849325
1767945258194708420
1370318878805863179
392002255900718965
428085040983683492
275824420
363114762565005812
430231733626991052
138908929396128125
307573253239486644
1579151885591460380
1239677446680217499
291559708
458865703987288165
302958168
585215099362474125
262791820256753205
67419036
515370194
1755432960403202748
425541958774362332
1948361708246848148
938116240649531612
201206025
485616096
874879835067010612
307513521149671284
681061866003976412
1769102260208957180
620304992690798252
1948686927263940148
68001694
314605925
544983986
1302609255211551299
384057528
1447381385122539140
316553294
93884536
396271342
15757254
1174917297784739619
12653158
515686254
562598492036900684
2072963692872756908
140308788463191805
1673733812421849227
1515961808770897580
268377715037989045
2140840211337023828
541580039
714210740452869965
122440937
552607931
305583959555365244
176249359806224284
303698206329801444
1109865570001869379
710784423877843085
148094660
359213151
562196440
1835384959124838100
200633982291216565
360379187839352852
498335543347164844
1991403091892605307
326940356298328045
1046270071285074179
360167189922394732
1238090858664929819
228531508
2138281482602057588
2115930564065866427
475111359
181888912
1861714124100067787
562223528
201508392
193551475
185783160
133834139
236583465
2074580424149967548
468560754
520747722678401205
1383948390586808620
1542867240276328867
1386991874882180700
584731827
1946857602202697588
145322055
88213409
31806702
34569730
341034675
1367532207722691219
313435400
935927818667548732
285765336
232494776
1497585854715095739
1606565448007139387
2119048566394912627
369586324187306004
1176173449823405779
370005525913339524
690505317089367684
1960284994492119380
710869145568385005
339654967
646536509211818245
1435902118071244779
70686136
71414323
475696041
69269103
68746959
363619001
520366716
77152997
32143709
332952733
183031518
59008599
132236423
93899010
122021979
238532462
2009353098969756188
13662603
809674723142131492
753023008561609004
2266502978814620108
156353895
229536921
1495246460361553579
587218984
2052698968523931667
567351613
521891501081790485
427551853977936532
426577198279688692
1959323013227448940
2138130471735308188
69685024
12655840
90664336
20676849
165657579
284307809
93487558
1689654221815758828
102670313
1881662069141557588
54555672
182704199
1923820071027764867
1514479290304071540
543601836
1174521146184776259
415938501
219133491
178686044
130999394
190648835
372451344
116279534
222455288
28824636
127726776
126079344
126078906
146710987
173926721
1754721080353989348
124938611
1111418171069901019
583672754141313285
1987677418802926307
1604054599901811027
189889538
936246537919619772
100029827
681816029047017172
1689756369354273308
1304056728714291459
85021234
393480528
182291624
1574654249405512140
105217067
561217559337682924
1733993941647393027
237856183
237905129
89427711
244519616
219784930
471282415
446855290
1821351103034851068
2140597657374076948
564031085611199244
92141578
391699629492783085
743947399390420532
1494038271578921299
1049320658485278619
1513631379882854140
435355479363753684
134924958688344725
542634758
530968253
531947721
1637010525752043900
95001357
577624032
160357852
559446448383719924
436404167930784324
1672917684021751587
243637628359583924
441206347
104468087
176402276
158636001
322892618
364060035272835092
63905005
105054327
1758403962077175908
2014585673502281668
1963350461323008020
652925382789023525
1452258214671861380
985954297115780699
282091204
1820655866390048788
147679376
153681070
427704845
371449201082538484
1832639307464448380
1884596518895157628
1244120026537052659
549563358
370722408866392804
2142217304849175268
425230056062615372
78239046
1884249582699840228
617018844848873932
938329716578127652
1991994813718724147
585101927250908845
1384226224663460380
1882672954956238468
539426113
809739834786025692
746181929477783412
392782864342349485
111365757
88913017
463912700
1862121215062336147
1048283537639516819
2055301778398978627
1866457611360923707
1928309251046473467
304092106
360364322937167492
1948633332444459268
1516591812396082780
36622747
1575115030363535500
2140214024232235228
60845769
578112957
1820263669473374828
1304109877785589419
567812085
326509157893904885
86581559
150822595
326189679
287780285
174078319
49213000
1430332406062603019
544676168
30229971
78764228
58245834
745936501792203372
1046056393315134099
552107111600975492
266654473823525525
1637983538465678940
1450055615418214820
1800459776108269387
244643176562346084
2207091623874306548
145036457
584616005
162130909
229143360
148431821
938762175735919012
135844254645827805
589854057
453399735
1959391988711434460
1702659881980487740
520935532092524525
370507543331027004
712938429255461365
121236351
223858140
518437172610382285
1671645977489583787
1049396918535158539
1817827301577986508
230465562
240328246
235758993
257452848
255078156
239259804
135902313396475525
1447490277995345820
269184336899221965
1498400238044252459
1388404105094952900
75071488
1822584120482479988
2120762852697510547
1385390764613928700
242756271698867764
425057123779387772
521166457
615954871691620692
523097931
1445792627257681820
1240471985463244539
1541211622446849667
178889451895957204
1384612686209443580
1511372828831324300
1511872715581490820
922672591401564699
938102465587269612
314777464
1704485390986741780
306594398
532474232
682429180662320932
271769393
982653351453767339
682157811926822732
184644058
173806605
228465243
169764744
505882243
167660971
84819578
161737119
983037163819284179
491918491
1238922714242037699
2141857141871956028
1174744570815007059
582684105662429765
1176327757013390979
1754636063029526748
938671314927234972
1431572912349358139
1542219627702100707
2074093338165588748
413393522
2140435640929435468
1575181191607634100
876169170770399532
418916279
88887512
367406004673276364
369083024510470884
578361880
394144960746604125
1760535773065023748
1545383056354111827
429817010085118132
342214481
1239483664620206819
1949801856495771508
335929149
1898065242662165220
1114486740847299179
181126179345659644
333983402
369996641
1833905055627499260
553062610545140132
1946120879166395068
1961278571912427620
88700442
1884455061993177668
918036438006548099
386053523
1110552142947052219
522703242135210325
1499942148640963059
493112369
373678948353152644
564799267001472804
1865594680587440747
1819843881552663148
58766635
1051035098157886139
287227565
682831368878785172
91864446
489672873487286812
753478319809992364
1111631796791776859
458613829
1989629452905033907
1606168168846860587
1433074752966195139
1885569979841548748
190305041
564950828671985564
2058534099859653067
493968742673846612
558732119499784292
694165704033490764
582859615700609805
547283835
373974356717205564
1449327400729938020
2143392085224952428
1735031501856146067
116690592
921437633403545179
457995610901899405
197551472
2143188288204649108
1894518852381337260
175524409702385284
1796202477898867307
573509333
940254432207245252
351403190
1885924724554272388
132254157
274719235
271579779
486484238
26021700
145137704
1304060438521149939
382529898
427055260070244412
144296804
553357093
567459872
1690263299670519708
1769256605108008700
590859573
393447294
202736974947621205
123454317
1495713721450445339
1882132947996151828
264750026786494805
11890421
373162130
571469814
333306216
25198445
47279495
129537016
424478833466704412
1175539419157309699
570620915
176746714
169344988
514482759
680510982108271252
208606839
578477799
235891986
380959418
100065025
493816742
72870179
258411418
42568995
1702333199208848140
1511225186486835740
1691075890654835428
524465854
1894703735875430420
482521143
80334524
1176725791549019859
457149327277287165
1703580501218806500
137203923146942685
156721723
1925602897990914147
497554836689987124
225232699
1960993421646448980
265824180475234845
681893815193260652
1897974477181634260
373388798081686044
490751497
286424008
239386832
172506738
746876475376914812
1988854151463313507
559953033493469844
751486494356568684
240934001
354825922
235296041
583362959144433805
1382823308484475500
1668464022442282667
82327081
421882007
173337254
982939012126669419
329407397
426206768323694412
1430294131026851499
1605880969986961427
212836106
712397289011616125
214946135
537393510
212620436
263825006328817845
1433202618335836779
2075319720668725188
443604844
1445673921296885660
2052051486838530387
1365932082122209659
226083609
303658294401275564
230679359
65037310
1604074463512260587
84162890
518930435264170605
937090440326521612
210569495
1819358941119316628
211424691
691802915854690164
79241023
205894649
1430202566191523939
583484701622523565
233596380
1607638707519745907
428074746958549172
919973431181773419
429200731
467602722
298640356
548723029
573727987
1173889357177865819
75430254
370149279606176204
1510161713740851700
359819533
1574682336937175540
432068575124588644
437636127
272407432
376558572
690083055473773204
565325961338599204
1833940316943800940
243101346040059604
1820519056277434828
1990842581606166587
1432312382201845739
1832819310880737460
330742460632663845
295628214
421933027
512797740
586533357
875795230662214212
265372554463197965
394465001827026645
1894220958508390740
588974641
554961280913396212
142150697
135382962500368685
202245447
2138599780498014948
647358649477024445
1735744517794459747
145802887
1577483700390615180
329154339356759925
428499776342680292
312800287
1308581584334182059
2057423344601632987
1239725511354193779
522100558416369645
568884217
1799548427123417227
1496794073078405219
938836203948490972
689612593392134084
304738051074300084
2054732752878194467
624820668299249804
305950032982902644
1577543691843307780
553959571084890292
463857164
1113113885451336059
1694170901833944988
1048924766865253979
2013707080751403348
554470466
2268848104152997908
1862979883655958947
29331306
254700312
580678855
177189917
1836449249415382780
1307161784416533019
202476295682095605
2206951675341938348
679892665970757492
138492590
398301313
1705273856011950220
287446393
460143950785911165
504757353
137084070228404765
497734291975399684
289659215
1758005167815876708
1496123050340505779
1766226153410939020
535256911
746355237997187252
1897187051975097020
1607641039386042107
1734392791519182587
305624153759791004
1178628288621128099
1238369454761503219
1049737081766655979
370969777
937962849252872972
2011841715688214508
1510435656575559540
94343972
223305139
1755966313381736548
1691932812896984828
1988445606202789427
203035394522629685
184019130
584961059
534897529
938020869399908332
1949101697881509468
362931748390264412
1820321054406155908
310232280
623825250844883684
1512199872962324060
393916674
413179607
646605270054406005
1736545009331581627
580380781
1925483495750524507
265686942369921205
1115649522025319139
1756444478215815668
1608455305795391627
553413114202100452
394771587725953645
615882055032615332
503423604
585393411265931685
625730329247299244
332387002388282125
2057084137938239667
204277473348389605
987724677011343499
1496380782532024419
1703881590502635140
155464435
113486045
104090746
2137567510063996668
236543041
404862023
7757194
235050910
206328871
499233853
96115337
255985649
331778795
239816089
246041608
1960947139363665500
683102738123927732
714187135113755085
1542839424767378147
1607161657969839987
578846449
425130680462836132
1578176049108715940
521368859681368685
449671805
427223961799667372
1949216737245381228
1798401304636756027
557505114844004372
414622046
206270915
202937105
192711697
1113162978163313179
1862620013798679067
89061923
1175802039541033539
1541180963095809867
2202657753839955588
266122456823015565
1542694571636400907
458437372136536165
1495618397856246259
461304481930307205
1882918981110386308
627098565235267804
1241847691018045699
1702346764751738580
56169767
556220324
427341561
2076955697394003948
506530947
1110284102021724019
1703348962271836820
136500031
25072789
102371398
176619299
346069776
270048280
1308298771660053259
652996313078319205
1824525000087195708
1990686215006261067
1608402319108989627
429301444017835972
361686379667812172
1603941578595566347
228914014
1381910383293061620
501741486
558275435
447260844
1886496297859043028
433032387766196804
580465189
872293932135760092
683549138694582732
435103980214339404
1369163249650289099
1542242885325713667
204793067
1497767881857279739
464883851
244027602599737164
686108943231271412
1963213230109072140
753663676532352764
1797908049345098507
1924706745303625907
1957716246863124220
1604187355041578587
386790957
115572916
89901861
531767344
98184592
259698217
680858519696617092
710610991904488045
1386351445251799100
55714793
580094042
1946172553856852188
449042000
90293320
1881627310340538268
373323439550102084
1115748751321119499
588546336
140435863785252605
1446820216633394900
1929620439015661387
1930083374287065467
2207684815574806308
938130120599642332
455009737653663765
489487586580815812
263251583671117685
2053418062456536987
1862247021958177467
1237885119913564099
457314935277000565
330897321116227485
485486522
1924362464960565387
1174165266816891299
368343466619869884
1110814678677576419
138429646893512725
424264298053865212
196513180
1448819721977046620
1604925518813584947
309657689
1669835723392155947
161530629
1368429984611399979
1771347746387835100
306280380563543604
551885474357523052
1832246329009878700
552517366568742532
494402842
317071207
1945934702385226468
209095904
92358516
1241630112290089179
588569511
449440416
1704919587340626700
1112723375280732059
744071665030869612
1821675532936716308
2267904567539109748
489687869789213332
324089147
251385372
2203770360399884068
322112161
210119446
135501534
203402309806291325
2267463373231895028
418498847
937033138582945332
263644596665247845
361169264304074572
1111397228236420739
246314322
2202240777858982668
1609797873645232147
1671704337249271507
568952555
2013411698665034268
524157725559610005
454447629783619205
2074789379836899228
1371019710496020939
1672642885269455587
2142672834577829908
139832039789000605
349189753
499259477044988004
1175437807257856739
391686426786761245
1862148215415206667
649345076826650885
455292495807822285
391593383156046325
371415958
1573617443667404820
356977364
1244512908357990259
315800356
375384835
94782743
367442568
144338558
388204297
184636237
321264472
808726432723935812
1757165091756946068
425349468569894452
1798912406482485547
1668887692857212507
1886878374158512628
365098378306035372
229172767
174350238
1822622081748001108
192021975
103071492
255878379
1109762664649267539
648759923193616725
1705243686679562180
922446822823372699
528933766
1242512573025352259
1758034610587292228
540416767
429309343910448772
2202543991355220268
987135624419953339
2140281449182794228
395898926189411005
553228074997502692
372766869
1175363907265792019
541075615
125221111
459314094815238645
2270456092443394548
1370638689451366499
563899121
1947502464153018948
78820437
217440705
89290041
99857622
249614895
224776699
424251713
1510171666401412860
239933453284603804
1831854187624581660
573664350
527139222
1987644378684817907
1496786429762139819
1882829432621068948
171772390
105118924
174319777
291087853
499181268
2267900551701086948
2073890199889113668
1238169418097141899
2137284090909728948
626171922555398164
391378917132192485
748989480467054652
936264189378772692
583321865888528605
390752830
1924491472279604787
616810837415534932
202761962
688269384375117524
1795848075232165707
1046732232939264259
1946639321218920588
391021898650364525
134954562033669805
1753734187965615788
573314576
77426646
1946588615556927628
1924840963945238707
1766494439308605860
578324457
1111114851279309179
579944821
1113543688584161979
199730301655333125
2141749526293352628
747973717151137332
307140286554507244
1175010208325949539
2116660808239566547
2138802305304855068
2139220638348648788
647539592327358645
89069741
1703081826539674220
100961182
135799264412576285
185332554
129104882
241738685305677884
648103016160917125
561871151903013084
1575821154193889500
650643547205453925
1703309258463733740
1174274417608735499
936904107560353572
1767232728684267620
983156450470532739
745330346573463252
1447794402220103620
1796620866864673427
2117690091391213907
1110903500295444899
1510625222417295660
113699179
199032703299077965
183592209
1818311341612802588
625789750279379564
199136088790001325
1959167516774738260
1382915517747271220
582890124
649136291678787845
172396169
1670112862265540187
177477128986344124
617955550782226532
490081258414170132
988017428552898859
558253838380695852
1759416380587410028
1701389120069007060
690047534603188084
1239210648855193699
2011351819436228308
1431333485815981819
1893675539655751700
1640725428177725220
617703379595497772
583963237628668565
328786084721526805
369707393083296084
2117450786768232507
2011821096010600268
1861946484221309587
753210327899593404
937197270032289412
1754874675862274428
368349001440364924
263165997754354165
1110874511495956339
1046876604941363059
2051985397233225867
573805112
501991716
429385387728883572
403592937
1382984493724661620
712222113180166165
937197141187306012
1111229279600711339
1605189810961666307
1111161848186111819
1638651509232732820
1882528902168486268
1605101660081451147
1047632990902999819
183276315
1366977467026278899
1830671984589547100
76226324
489895242834358212
200847599418128685
1639993383292385940
1669762509707910867
425405191301599492
1446992809646930620
1511438272653588300
432839356551604084
753030051636844964
752902178820368044
1924649680027230547
482053353
1574700558466980340
1510637055057581740
1510825460796200780
1574506295607817860
2266722872068087988
368225620680791804
454461326010661565
380227374
89164515
431514994928093284
807678303405493892
561830983
202541511258282165
572011004
280731702
235137836
133432996
252558435
204302681
1882541154070929788
586783411
2013425553721254188
58733234
443794830
183706486
510384675
187938094
390530080806488525
1707378033591449420
16588513
312358751
231166499
156648956
746202691674242652
940002016124568212
590638866
542058618
2011543824316735988
1821991637745348828
1753835813152616228
938296831002735172
537051973
220931596
518841412561209805
1884551436598121068
277029433
871942326924255252
1608583686847356707
625571426992912724
2118439305118630467
1795861356612169307
240049204356491924
1753798124716556948
1946639577101590708
616638978477575732
49389601
560076208
122628188
1945605841262399228
559553738102688444
745402181487255292
138296779
178514958047237924
265205372759701485
362887387951338092
1691190339585302948
1638971377985730820
937451577803456972
520614458143382085
1861964984648266427
392747332636780925
2267697886310678228
305587567392959124
520653946469055165
497743766952904404
520590330251372805
264375944804112245
584849071296027045
937652489374686852
584912943282510325
1819819227527200668
364106929
936846948766421572
411738164
1511877465195304660
1367751445512837779
745916495233687692
2012016813068525948
7942983
119059331
1690200228006474348
2052586260620485147
809019726224289372
2010776263247658948
809019662088998852
808700107233145132
424848211920535372
1303915819913266979
2203650478329910028
497394838750132004
1496295597406156659
260766166
1946248243037872068
327404166608615845
624518285422127204
199081915863291725
327404294624569725
1830204171006126380
390892002892764845
1367041659758192459
688136901247003324
327468359998470085
2137840728204259148
809147983875161972
2138159156980810268
940714778058064492
692815227816597684
752404458045815164
560533255180007364
1446303960531199620
1367308498386975179
455807378751289365
568098646
578664799
15269767
196147772
198279252
1494570637394320059
1494742565126400059
303609717064239724
711115018699065085
1446157265490360340
1668350375132212907
392723852249831485
683565194078769372
1496593423563766299
681827060511793212
1883505420512924068
712529513083274965
616244299113951652
1669563697940840747
361137471426425292
743983237007204652
1429942341850491219
2052587820339561187
1574923029102745700
425716269644132452
264294074671253725
1925133045561007667
1447102923743365140
305154032702469844
711898626282358605
492766356
395916300
711778663051147885
680156446005501812
1830707073094727380
1575863614318090180
2139756947778081268
456718515795666725
200717561992280445
2203883815805431388
1367564566678190859
456654885722936965
554144447932240532
682021639415406612
1882008434266103908
2053857619258237027
2117729832444449467
1447511118599792380
1830251072072713780
1668613190407876987
624478663315831084
1754300160515309748
1958339472915835340
327168981448731405
496632270882801924
426826814154596572
64871786
159093206
1692893061526048588
134186203
2009946600857592548
1240043210779331179
986101603002214299
1542186603981181587
1447706013050788540
2205743425982967908
648471004793226805
87241775
294724633
164030742
392993854
36070371
87535536
159705007
2052217208245752107
2118108008366358627
681276563541614412
809890754985869252
2011860889202741308
1755475065388781948
2077924483584565828
583048104
176742284961327884
424649784
1639668198780959220
241669598659283524
1702065059113523980
1991160688588607667
66574059
358599291
1383907226010511180
520976030517479205
177190673519253484
141799940
1239147531291330539
690262672240093484
1668256509144752027
430910704
1304989779556055219
431694051
1637975498601237140
240200184094439684
713982235343592005
713810872299260445
617986035840889132
1734536286528238347
984580962345585419
1305906854992987819
1693420952939961908
266507039228360965
1607583425625838227
1887254589407858268
1370295270076876979
1368004999630325379
1305237992360950499
1177044327010151179
585894142
459073712017005165
455545330
152761396
1116004180110981059
1834629875821619940
361323104748798452
1885309162065419868
1241774633564477939
1604934431852514907
1822200437239288148
521097316
392444544485955765
499161730490743124
455144772
2203889344046584068
1435783043298908059
1446523027919923700
2270518946841919908
2142896145701613308
2079606607194288468
1737476158231646987
1451296763744409940
1759305878654660708
1768595824165488420
426745657590567692
2010446157880803468
1895540175640442980
1640076980919982820
744837661027930492
1768822791255316140
1862796411880070987
293860612
513990121
873736332944166812
1369670163376035739
559249320
172212202
214927440
1948480873644024428
1989574964080796267
588223858
1798467682027655027
1110245548129905339
2077815342141391628
1990159806234963627
424692062196109732
1498935361509775539
138925048793462525
1832325469407057980
1112334679658936979
1863238282172080867
455367043715509005
305744332
363692848802681012
1797352968528846667
749971313905652052
1669863537238888827
812998289217196172
1822674370451673268
496721997209175964
814253328310054852
987083416553461379
1925949833846017827
1831763349244242540
1759352316450747028
145895819
1689571732727001868
1242300489620592339
1110784820788234659
1383100272060099100
168424508
168390646
808169619418447492
202721307735742605
209107400
306575274658474284
753584050880355084
2076319100216168508
572686762
1368666814287616339
2056804636853035787
464471968
457873389103703765
2009028044817297108
1578520961205647660
647364725729409565
326565235922848245
616099543825682292
1896722055836907420
1541609660592508507
2139025430535610388
463292813
1758469893887602668
489794772257042292
811112429139116332
432425398
2203211514099150428
561621422748206844
115635063
585522528
985464472670935659
495834090324588244
712434455264384885
646615556428293805
244293781373548884
393227944998078645
1384546348466616660
68035463
541831934
1368186719329577339
389700145
923873388929300659
1884585399677820828
202887049006556885
587733501
984212844277627499
1897717816939489500
562195606806042644
682499047086293692
1799269893227184547
560203715182413724
1702804741492234620
464135364
1367577171113605659
501914474
304238798347598364
493000145913475292
373569556490552964
1514715571710883700
713356528884496365
1948040218421957108
306837458745411364
434598872417778164
394648077369800365
1702182787002993340
436340295190677884
650153070720435885
1575952407056250860
562637443494365844
303701437855607524
172773222
1605753032649617227
920956851727288979
587647273
875257627179282932
1577804295343380420
437515860
393287251733325925
1387633361056941860
1835045864645969540
1639061150709852780
371846336831843044
1511901782652631420
583175189194717165
209456209
557119001
512680125
571197214
178166317453031084
497023295210727924
163231613
872390112082973452
362603885648679212
440141264
518360590
1819347470160825948
2010542352379404828
1703000942331258420
1769978043452999220
1833106809989212580
201022789178640685
569456925
561938839
1301975982241270299
111026044
1512467162815416020
754998607434594204
586842105720059925
428696708528935372
1046567874430064699
1670218516811829707
240404987503478524
2052228359399334587
455959687820909165
550591628
649641256099682685
490350728659238532
489590063625715692
1886099393318453708
199986867910989725
433738103917226644
584411472863831605
471416104
312029021
390525613926078445
2012627757723947628
519403890687453565
516075984
266274214314297645
491763741124575212
1693821952351019388
364339473514831692
435453481081759564
1705013606231460500
1798267756431986787
524608701456104045
1371751027792435379
689944706078665364
1447446147703101140
329978149700880045
1769469620487382980
370511306589907244
369022373457557804
1112837338428672579
1308820326244342419
437305044743563244
1946339801857876588
1644250679340512820
1434187630842747419
355290698
354983351
239778046587910644
808898692546588812
2143396349597953748
1178901005449001499
1702337130540534060
1574266663508776820
1579457583915161140
524459697391355605
1861030845005037307
809106970664783572
922356389540361979
682419232039636532
1239789132899215859
920060385949194299
714813386349472005
134384468414019645
287766249
689945485950101404
2073561471940641468
360346458583682812
1238595455424091699
425777395940339492
490081002259833252
244578994
711138971522976285
1367609722708490299
136310156216490605
328479576493369365
2010655706682299108
556220679446290972
330114682952689205
872810789096518412
812002587927642172
2119226982706024747
305343089170417964
201253844177618525
985158900686981099
2053521358162096827
435331177686616604
749200043663490812
514341459
369177142811204044
1926815510642884587
551114234
200230349319993565
1755347912943464708
746533353796841732
1382083194212567580
1367522124890020459
370449903932237844
1640077924647556900
809894021597848092
1924200610107405027
522646064112666805
429942326
477370477
1768335452104693900
86659210
1927657635461521907
1178925322335897899
2117468639538720547
1639895140274473460
1798625559127134507
744747065702592172
745442125279833812
75408509
371861515456743804
1495349501034034939
1511065481056778260
1433866568191989819
563001371133446444
752253225167530764
461562005
2010141490437521148
938599638980042692
1493964978584626779
2118508446439477547
1691226304296009348
578989165
1833514404444846820
271640538
2013584861341073988
142671826
465117019
2010225989213093508
483217162
498329414846695324
2117021333096624227
814059898177852092
35990909
1542050466419151627
1836194590092380580
369406467538233324
198530790575150965
564511308
452792770
1959281155479685260
1707036958620293300
390163595
86233153
647354977588251005
617565298567217532
1303515761427938019
561195247734647204
873990984198090612
1605534069565329787
1495847528305347339
488609825915973372
438226966
690736820695230204
690736820438063404
324805093
1640957762610288700
466399601
202563228
1768822599407933580
1605262180642152507
1243248529228953179
489791702543840012
878608849097408172
1244198205059880979
460388365173992045
1951066762326786068
1672577843097366667
1893963251119277900
181822203
2139890380024393308
1990249962084958427
1496141787748095699
522874392117417805
874020670999581412
563616441924471124
132830375
199051931274675845
1046959868660397659
394022075699411405
200755158043879485
306719305
2138526518286717668
1446504568462694660
1830503975571691620
624286852787124484
1958381918248744780
681115582778519172
455191734135589605
304177911659096764
90067088
114523752
1175255401939016219
745158555937943732
411155519
1366888153925560939
537289805
432426346048231564
1801518184981823827
713065003452872885
1386016158688758380
1863378248512134747
432495197891344684
688831918560098724
619865733830684332
542043036
395990359
569651330
1049919121234380339
1514426313900164780
396225127448050045
2142133365050625708
750030808553767412
1240116843894568899
2118339087257141267
1926791375605915627
2142132091843166428
921808653046426139
1694238314887856508
714549527368341045
1930427866649161307
693606641115838924
241532655149800084
161869342
1895431354209658740
1705861637101701660
2138551765823849108
2139284071661518508
234834228
488001697350909492
1303012045501962979
87043202
1047337033758525419
2204263519564874508
1048219894202521859
1989719704101941627
1545302188420047267
1992930822020046867
561504145
509541717
1690511311360319108
1445645065074042740
711157697842387205
937038822360605452
1382234312895149900
1574361498661571060
1640626575513139180
745173285925753492
176737907
459571575072302925
1496784414081914619
1308370679387679459
488812978172280612
2012429402506047668
230846805
563345016
808316818604491052
1384478796648990860
1925691435833847867
430806482
175701184
1800179847409696387
1797615321344012627
128177286
982909610958919379
394570665131812445
713913345270524325
1755313954509283548
691980787632585044
309068063637776124
391451733883992765
1384159567343360580
457265020449695565
40169141
618565896890150612
59105335
133847113
518514220
158073253
148611004
2268856931931086788
2009924213751534348
1862020523594723867
137257269604870525
1736550723898237707
1860093995585303227
584735877
1991792139081515147
615905050635272452
9221150
2267265464543429108
1238227176490731859
567051716
434079347116161364
439008290
424455888769011252
1382920006276474620
436571220589083084
1797295234104270827
2141322182449635748
521683489795856925
920428947185408499
1498033378069166379
1990891987563839267
1927181330647257587
83900840
556157579920146252
64458070
171242669
1962714322890803180
518954386109978365
1946352845312442108
29812903
688549037953051404
751367270338791524
396453866179549085
1116143395804640979
341379950
199936563
936279223776264292
188403573
161688363
5379755
370411306399873164
1609187305291644987
306592066
1959334623929251540
137750055
165267451
1882581463685173268
2080162465729446348
308170178441386524
1450566109776292100
446661382
556098855237169892
710565717775325325
1736029750958849827
1668051997845742067
646439480717564565
82857540
1382374161997465620
1926249043355230387
647675697395349085
1796972340303024627
240944553052288844
348494619
1669540896550351587
754274319420545364
809845962832024172
2268086638035735028
214238505
1738076961096819427
877922648447516572
1691693205868719668
1735543142181654827
2139539006782824468
180146061445290364
1694951692721963468
1304889041613485699
266168050091771845
1926035635531542067
78663940
1500244782276987619
1372121641138943899
1308629549595616819
1513676796325713900
399653023
2075996931815559948
2053717574238896627
1958146127456962340
555582282050138692
1883692617235100388
1305427086778522379
1694296005751062988
1371269258402560579
1450816241120736900
692402606848784164
527417951
557241129548440132
1178454521081702499
1447543760326174340
627056689579444604
1116557295866358219
622118924716163132
618827625706955012
583098843
1884032278834085668
424526685669466452
1735183703498722947
293448605
369537223040539284
458258932597807685
2011024967525224788
481469011
219212453
62042950
1831683630447606540
2055619733142396747
587945745781028645
1963921974983034420
685854510141428412
143574687
1237860456933775379
1796858439872954027
1755972571212321348
386820104
135830978
117596368
1861069555508686467
183713971
176329003
2202028956298149468
83612246
68341283
251785567
181230560
203795075
445561914
268794536
255407652
240397129
240118067
287173591
236959726
237952324
269327532
458511090831550405
408905495
1958701666106930820
562580790
79118799
114050714
302402827
541112965
104618576
563420928
492129392179228212
921010875874846699
1493841853940439179
1796250830776823507
1637713721437194580
2121996694219297227
2207700884840644428
942065867634225292
685998823572180972
922811788248299499
1885650592636736268
324992369
588523113079917045
1795813865651069347
364221497467502132
872634967224165092
128868335
1446208246235002780
1050406235441961459
1434060728466279099
620544275367002172
1576074121712568580
1708123662951905220
1498419924811171979
2206327955240317428
99870748
462691980
1820816353908502508
535376488
1112655513591286139
582705647
878665049455399652
628522646038001804
335508107
165399898
1732904202093437467
1831386617610434380
28623599
555351847
2138470398341337828
1895181337693399380
2054269852544073587
1895338601846979060
473395004
204779836775492285
353284105
1671633805522874107
96318465
1949380351684538868
135014979
754091701138519644
569845341
2010291869416010428
1884011492840132908
503176465
437386805765106324
154784000
9253816
99511730
169375044
31287777
1733235691794813467
200564038
1817858681340653988
1368591485871626179
1734012964863131867
183158153
128141360
107329950
129238256
1244811219134637939
923019003305911899
813212672686026292
1511791274079017300
923032321657292899
1433772231610133139
921581750875802299
1240479778624480979
1542958113724571907
623479217421400564
1832349043009259820
1702011970347879020
383145197
458053440
176055459
120463534
443648046
221582714
56908921
107462262
1606630446283809067
178518687152052524
1497343634796267819
134518111284741885
22581589
323428837
88288347
983361244306667939
1511770326049617700
712680909295417405
1237865161986017299
684136384666448052
1180191086243460699
1242734970956831339
622345384413929852
1176684916498668019
367724064468526644
1887621764799029308
2207610904113738268
1673622172149874427
1929810749434237227
524765062708169085
1609872770917428827
693306425693476604
1674589345501421267
36930146
430529560129318772
1580054266075268900
716588290105104645
365691854373712652
1758838783575543948
332697567531260445
620440735940125292
1451587835768228220
1950115566128426548
1898607883326536380
2118454958490431587
204528366952781445
563689746332104684
305449156761668164
1800143919173664707
521966661829884445
373214675790526484
1760526131201692348
1900257060622059740
1433514006212680219
756217458512268004
1929258476255367867
570664776
1771740049941186140
1929464835803475907
1859986062106677347
1673288372518268787
715556022968961445
2121200037184770467
1239809587786680259
354477763
1952028314028985948
622353769508217572
268790020776351445
1898576668893890340
1964076674096855820
1515913028679792180
1643656306856069340
2272227088791175388
457018540638971725
1244029308487383339
501693645088958804
1371778380219729979
1706507831663749140
1951706029855060468
1894738604144077580
319266321
76132538
1499175507478026139
1770679813489654100
308035207143020724
1641509351392102620
2270786300015731428
2053267926445723707
1704059016120514540
685137137871552612
924231919623670539
460985286512645925
1180820508584684219
1994535688327200387
1387350726600877780
1515533603766507860
1609397772821639947
716919100573558445
813281687657111412
1667622208826217027
1988090132824936707
1950825581604835508
1047960843037808419
432337238125410564
577314504
811930662344036332
1240738272118384299
1927840354800468627
1897620265213860020
393964108289644805
1306202522866554859
2266243150368800908
412539060
2265702326642229788
574993068
563211458219813524
1860076002119446867
591012751
192834157
1884829280588300268
425253863400579292
436140241
1701999714866370180
585674419
587068621
304562865
236409636
247868198
245257233
583281119
1765708158161807620
405293680
360287628361879812
440478141
1383958620444293900
1831301405549209260
1831491484257536060
811130518417273132
1512671966377625660
177763553379088844
623852293606795524
1240756387337328819
115192886
571306981
2009961134878405068
90781690
585286837
21259205
47339576
26596713
85929953
68635545
61756208
499904345
1701792924985416140
623909133629650884
266686924957702485
362641185
1669201114130034227
182053343
538542803
590027063
428256674
2074010796400775028
287684868
576839996
327527224948968045
503264492
303428557327837764
1894935136034805300
279739650
533600309
381874696
542294774
389569826
239393784
530578042
458240423
518516774903383965
573926378
43752468
45602396
52997516
1693192521550511868
1958180617374873300
2055515211007889747
553199803
134880590
1606905401579839787
499350735398263324
1754308839646609708
570839051
683358419344555772
2267832367793676988
1959704225285396140
1384278210319493180
244542962634348124
238285502
262568958
1605125122211299827
264114429859723765
1899271311580866900
493427385463303732
94792970
277978947
292615168
919610592435988059
242625626489289084
499417127
1769072956353649180
1795694909993443027
618832420371239652
583505167
157595455
1926621437813895667
746892027172094652
49893917
319052752
1113922736516065179
713147678024178445
1173989451544729459
292839931
938402851140226772
1305796290765342339
1799766345073533667
1238462661262592099
586199510
563461193620854844
330795217237244645
40583820
553121289
1927911090030296747
1541689154145558987
2011053942198059788
558607495
2052703816204914907
1988175092903558867
687364914715633364
1175604823580867139
1861827955255616267
2055593913561305587
162593782
2139435424144805748
307596596334659884
143031689
430852788729659932
2054958547013665547
558662509
748101528738107012
1641757944614901660
918513794726882059
394620816172590845
312438528
1949785145020325708
351943930
2117136907490828227
115322534
153036874
413989845
433573860252658084
45691569
176708160136873764
1605461281692909387
118555038
135579394
1772195326164531180
558480732653637932
686413889182790412
2122164030174445147
397060769663228565
1759049778103370068
1240827756627651059
470549543
253738198
1835728006581729460
1885822888113513028
1821327908590850708
450271777
450274452
562575436568848924
1733333831414100627
1113444209782957619
2077796943700472148
134061192
1926371423765003867
1860776595566932267
138595502840326845
215240347
1049863256232376219
584410790558377645
1885877570122498588
369225323310373484
748228813955899212
1637836745865287380
240921947953280564
1432005197090642459
1111945191256852459
240772166788245524
331182868895791605
306277464902417004
1737374839868039067
988070055531243779
249659336
1707599747601500660
924173315166710379
683294226015280732
1304688844158986739
649321061847680645
1925273722422079147
123476807
29812189
279302515
154318542
158763478
22516215
77851657
1990815067659379147
1305460883632241219
73025396
1386528894966896780
1515873466499164700
46399984
1434864956817992139
1946061940573012508
132597719
1387181048891258700
176976588342032484
872120046098071692
577379504
273933007
172683993
452529984
1961158601318164940
754135955975195164
1448480014267812060
1993664748543214227
2138052049933058788
2267420730163703388
2269821692240723748
170958386
711062370324486885
982264104517990979
63252468
1496405386845931659
572580443
56126254
13419277
576371596
918212893967820739
184039855
470443801
238510925
390713473723583005
57220067
65413330
88338606
143570584
27251439
57811624
587418626
1962014720825210460
391792063
1496587311566019299
439776983
472720233
70769107
183458150
1894288544949319340
214537026
135605960
69888505
348748347
78043189
12552215
31019983
182015801
116657412
1541595193074475387
499353997099546404
1881478656937300268
413193899
324200291
563601059
1735096203848265587
1690740065547276908
227952990
572846865
1113441161861499259
1732838995293544707
586691041
414112705
1885394852656549748
521289240
1177853964889077819
521456838263077565
202357930
202630407
374615395
495003806
85536873
111070090
12092098
85988794
1830927271959029660
752901793886317004
1432263328078265099
1301927802548357459
73982897
247427277
245253398
243363650
238832268
170724232
233790373
534532302
1702786037244221500
561546069997431004
646059622149740845
710499737532299165
362550803
626176159053892004
523211286498105445
690707033676662884
544858210
199075796000241205
2121009299303088547
713425851676350725
242239576
111131234
30455382
259569000
1366117080848313019
65423992
279670962
1178445511042938659
2139819403363872668
1607445130345791147
1575828079782779300
263710464536315645
626205458188457884
438041212
307473045348502084
2074374505322713348
1895793103356487340
369882530896574964
535520377
1304615364453017899
536233127