183711490
1897980467244042620
451521474
10130072
463244298
1575641609753918100
1047343822371461059
1382048267585874540
1959250921557023100
387233287
141277303
214575133
125930744
198318961
1882650246472060468
498482133
178259501
1510712116600576420
552486549495877852
1495432726851123419
2137685013736132788
1239324510815364979
489023742346678372
624577008837106284
139674756
476925792
553697042980073092
167899625
301602417
178972186
685814552715640652
685111268449779612
474326242
1693204610247795108
745497398125617772
107733158
165007131
28130887
17785292
481792277
70016329
75662684
67647623
187051
180358833
1499277941992457899
1432389258685491899
1180193514862643659
1176847575706081659
560304616
1545239844574240427
1239950688666716379
579341063
364232086461489932
167211824
434339403228903164
1693334625767313548
1175187380044052019
329471614
243065793559702204
1759251551308218468
204619394928564165
1499621980900383379
1110642853916784699
745315735967117332
241257231613610404
2055621809862872827
510115380
590726253
113996874
1365910185999084019
574071137
134412453335108085
1045927365908572259
327785254951573565
1510595491581368820
2265752753361973548
1821970203336388348
538582338
1493249022116853619
1446700919802746540
1366800447099279339
363129380924117652
1692725487814463628
1798341903607656947
2267688931668164228
412075529
246028393
87986479
1494182072240282019
1576607152488498740
1603754297537855787
1989505409030319907
556019909
584018213
166801465
392050121
1370489495627949899
1706567947491645460
1695005204246171508
984261047366768499
1643981035608587020
448273805
493950132708872732
1962476570783120140
616152157859950772
454362188
476620955
622855036157079132
270942453
688767947863005044
583522682
1241067907811010099
939242311948644892
136758113160730725
551833377
1959146746201692420
939366516234351252
919570105099540299
1757906705967239508
1767321492653251340
368939458834069124
1859803092110041347
552633080
1048186210269890459
1882134922961851108
241975631814273604
875653971504689172
1604263971501396227
1860799623764881547
2078172450976104708
138168347541408005
917928381651651019
433940709651032804
618441957598871812
680873702937935452
147547981
521833442
32344654
414048554
179955373
103072467
1883116831644500348
200257376108182005
1947847959949160948
563413305
1733641555724833227
520763285616216445
480885165
360462123301056652
28261729
93348987
1735095309933641467
1899962724850923460
1930593976265064987
2056143179343741267
2014205703193694188
215221956
555598773600673892
428070785
115162767
243513311413642844
489584163
464817168
454112605
2205933147003056588
241502091871709124
1704075192968223180
142779027
1758094774963765148
1302844639282698619
433722914690197964
110104413
128935826
181310826
53246703
149086819
144216340
154089568
82904201
1797990933451174387
367784721339705964
151477090
64614674
169401523
196107151
752542935140890684
419226224
542658596
1367296247360522339
96535199
96535369
935921253401690412
2201698497038430788
544462493
1448738156323174300
380483900
152497319
265899933808257765
1049113107026769939
1238156386437826459
1990458041799917947
1899984454619125580
2012056321619939628
1756686330710990668
754300374119921204
1366904671792895939
1605582078248092027
809187114607665012
1797886862581158147
2141174328260026628
392813931286513525
1796446369096245347
2267120894809222828
264137346446895445
487648889
1692275133109690308
453897506
1964252824419829540
32877397
241782693
194391154
1946112588712828468
627103107573643164
2267660437669204428
922528938219632619
561877617336654204
368533619998337084
1925337786953125627
1800087510295954067
553316267164700812
1797511237478822507
747129236022567332
544516702
713841709479123605
101262550
1449249139036580220
1757067642825822388
1733769941038031187
1831576513933568420
2203812702614437588
427086877996920812
265712520236918925
1431406622442280939
1704826497065686980
177727702835473124
262463424403523885
872699096740237932
101848622
471868995
2010699670595453148
427243550074991012
171035148
2051893203928793587
567656060
177082596744977124
1759316203188543348
455076800522348725
586591729677727725
583109032046516965
424574118881329532
585781851
532697519
260689837
362499142364065652
1175633567647099259
1604439938012480267
137029154
923747454831728899
1450379047187507740
2140501434484236028
1949252159214727508
1306438807978609019
647315919252301405
199376802
177100242
2011904738443296948
1767978742645974820
1381740216186849100
2137593721774420428
223198130
247323796
576094827
133640584
242048804813748124
684559011798885132
1759330463454097868
1830920617387570740
330351947299273285
577954901
1579668820220098620
746898080012890692
205007203369335205
244361406116952004
1306932943093974579
267469845443304165
1964314383949240020
1770163378773002340
717108982370392845
492581365155581772
1500556378245150299
1897109326625290700
1693158509663633828
1448220762327050260
208121136
553661522853363612
458569896949499845
540293807
1861922655441727267
528543462
181010431
58987797
469989940
1690275066919088468
1367066122592818779
1512794067032401740
81789751
508297977
1959747772455045820
1509328152862730020
552635565
1755418381869047628
622138488836124612
456970244298860525
309475899929913764
1925834064159859307
1307261020392090219
435963825674020404
693012889845336164
693327065783896124
566227725876762764
744093289028861732
525364331313711565
1691635463649067108
1384163095655700700
327956123930610325
367632255117093604
128876476
199925439999248405
367815040590322084
2205029309858009388
1860869304912662987
924554310279997099
814799777091100332
456784123208627765
1735183639944307427
458402246956693725
131903286
226948197
10595905
103465290
390291112
502984433
477735365
175756484
491191867
266031649521568085
1949747110078312348
136819919524809405
469872905
1494062258156923659
492545467
569044930
1702522562182318180
1957806391052871260
540983815
625218893675607844
936299191949954892
617089086428065692
874316288529498412
2117601878409310547
456438970908391125
2138374384413380668
2078161689385156508
1301914419241769539
625487090078193724
745895768798318332
1240095814825339619
264333884396427805
554598717885079932
241058386
688970547585378764
200505166
550660382
121749174
2201950818621330188
1512588143755212740
1175871482169068179
619093993151434692
1924804667680883147
521898016407558285
391579607426525765
648234180047202845
1959369701951600420
872260746075800132
36201096
716184203313117925
390457171940235565
174063356
555018084510769732
329544833
1671182080962736387
2116841840417087067
71408035
336095517
67474196
652788117522745245
361841945177588452
8280861
621617028505137212
570544455
199855050
142583462
195438236
241698933
87041553
60375096
185446972
936462339740311372
163847101
261136538
123160332
495850941642308044
261394330
93344158
1578515887823001620
1732442602894983107
1950019106851934468
1958829860088821820
683272001162084932
314781668
1113546662958951019
1516573125829315180
686726975590366852
1540798912560570587
1758952403775152428
2208015677361409828
1759590506637632028
197631250
1929826809800019627
871882576744026292
461168129
875635105088459172
1755960753379196548
350276785
589696726
454648586503870965
1544423651835629467
1947205746647031668
689493372032313324
1496578689518254299
587850612
1369531878095861619
1865010478149521027
429678914708754612
2076623714989273308
1822877285298475108
585406526
1494411834079262699
176793404
340093458
288857509
59874859
521310855
187408089
537956904
577014071
236746290
216106125
182702081
155732490
138810884605916805
679741773958234652
220558757
1242213898006088179
1495709372268389939
461165385239046765
1819652702982217468
2269959528858287948
2052533172890369827
327945440
433473348349241084
2203546611429469948
983972955887749539
523537497421707205
2138981847222304508
263697313939769725
307464055812962044
1772580296690125380
1888012552065179188
590014543
560787946472003844
1796213030660743667
113445084
292853853
335222477
489962855
563260518233176564
1670855162434777747
1432734870535976739
103458148
710496763823171685
1692117527582076628
2013339373512019948
1691702334446604388
1798491058339729987
424774958653714412
492256864922837492
177842608810297204
1510879682735257980
297568433
175424801
1446801053821655140
2207204473742962828
199689579483920045
1706281768283228620
138040474714733085
1701594325745715220
1990157332881953347
170607930
424787201199521932
509162094
61647657
560942568
1924260864227831947
1759366126372159668
1885336365682085908
2265412559299534708
386399049
27156093
1701814436754605900
302860843
427286743
519092196026558405
265646693522888565
1576426224527738460
530442536
429864019
307437184538815004
1303925349834250819
361759162
138860036189108805
626073889037380324
1575811900156917300
430475013
623751634281334764
579903467
579247449
589367732
522058916121257805
322333697
422125252
266202231792236085
745885627520990812
919804974340269699
369720112674903964
618102595244285692
988185911666882259
1051692873015941259
2055646748782665987
873449506403091212
553017384848126132
756221942096452284
368994006190107284
563032280216807844
1607372465849970947
688665726255581684
362166851566354332
2139648948467130628
1690850962198049188
648261200996767925
1515148997400033900
1673993436508622587
1386235493189908500
1758390530108919828
1928879577879032387
491196881191248012
1180677160493680979
405008348
1835707113560033100
182360897756985644
2142239754330186028
365412727350996932
1864288378823365027
1757559107346997868
490556007886221652
429652335
1951943635417756188
298318193
135331163128858285
136094057
940089940635881172
1926927079083163587
1926857770584260827
682846754985644412
2139060220881420388
2206351785719943108
1434571365655562899
500048304813758524
692112185210702444
521200578621323885
2118619080705548947
98877847
276288366
1384044486309488620
231418246
200174584573261565
1885666593856565428
333292761
555159587
589761464
1638373143010375660
480591141
67098882
1708260744893757700
491938560183037972
389232309
2118374737514508027
456196906
1957328233688401900
1734340167813521107
1671016092867698867
330676454073268045
651453134210259405
1991919935505358507
497048655470762124
1735945535091335867
571835935
155453867
2204607139212137108
511961653
401534416
1670611192666472227
187983187
1303475171993242299
450456217
1799488267498262787
352420136
755289234162304564
201327430603741405
1926146579791023987
2013002981806236068
391739866175309685
938794828882706412
1766015596387174180
1833276502564177900
241370289023269524
540218475
1513734906609284780
920637982558074419
203162824254899845
176563307779815244
1960574692131829340
241326637864761004
1638512339145307820
337272842
1925425476179304147
586500491117451925
1239419407915796819
922298967348233859
1367352105998920339
1111060736623134459
306104752
2053479232938713227
454464793
176404326571853444
1368172776115865499
456841728
2203585522909134908
455922456138840005
1113858917027604459
1958789658773432260
938918321862479812
1949074920957719308
1765742021830174860
445686553
1365853678568847979
744160934509781212
2012068861689171828
383586749
216311894
2119163429584273427
1640802204959528740
362976982
2079132784396034108
1304903977209497539
1367139196638956179
267899688591817445
620780130462871372
1963087351388580460
2015055202292277588
1962247061994444860
1886139544172126308
1383249551537265420
165316007
1112810236816639539
205917710
265646629646875045
552992818599882332
214937820
1446765858364549820
121476788
755109315013536204
395837854
1511611181678213100
1759563027221413748
131571784
1670215594105233387
689933126189983884
2010152201501401228
1692918598442856268
328896457338333405
984657962486323539
394028305144469245
1961653954291067180
152864836
1896117532716308300
128378517
163668349
142254483
455111380
987199560883415259
1769149136844688060
545830587
1494280809504225419
689597262606751964
754110859312318244
1495746761465047779
1575979943897876060
307062637582301524
1767826786907064740
1768146793871022700
440062876
986290631219702299
1539795351013327387
710575166666041085
423625291
1756514435397685188
1959818534417520700
585330181177145445
2075127333976035268
470522858
128038491
244646630
159511362
456620953
287717750
552833018131710052
1796011966893866827
1446116811111454620
461334690
496359064676686404
472662123
361091627566415972
486054541
2010368253793559268
810569286049328972
329092501097601725
569134764
1990697966700147347
1702561398751201820
330451636378445365
391756087
226140329
378847123
690520472849844164
2119001968324292787
1176468467582617499
1884586843551040228
456704915986909245
561624261971544244
617204472851690132
1175225893610260019
2266888641270734548
426690088080084572
1112816321473526059
520359524077943485
1949977787129049748
621262984983253732
2054725276564758667
1605814393463882147
284057171
560421683678767684
1894116679658076700
589943301
2205888544035299828
574558028
561101039636731684
1690549579972968388
752262656386054084
272138720
458829926654491045
447890133
286804682
163519465
451440488
367779781430626444
425959795930571372
242122037147612884
198402406187055605
983759573450619499
1385760475561502500
337998687
1431148018483149019
463240683
220803898
536878146
588753591
263070828382869965
589029886
183937902
182774880
1988416959112737227
427593440896868572
1801341972135846427
1859731232348909587
1817572443875688948
1927035021501678027
425886348463276172
577981044
265970382
373544634
570180103
1605820821113622307
2052448180958445427
165823316
352364513
542407563
204669347
62301723
361126899386028092
444605864
459509713
454696317
1758197650067263708
1758980621700456188
988693434899957699
454718820106819885
239833234534774404
1052058559116749339
1736170082006335987
649880656326129885
554787736801369812
159917463
619046361515446692
1991893398998540827
2053610957168407227
210092226
36331380
338494554
392369322166770005
2137961309516136228
1447688872907561700
1111722768570132979
553381087862280132
177035420821387364
520976587126729365
2011071151400972228
240907309848357084
1366728137072363539
626118029353887564
1543604736139296667
457379803748768205
587301273
136111334513281685
1988630422198878587
1607125511098462307
459645257293113485
1511666550719948700
1111227269581977539
1447538271913708140
334606946
435196081570473644
1960546154262149660
1449417913894471820
2267753555752296148
290752161
1756014130217832428
617277355662119092
920380463462902099
152364887
501650909
328310739465140565
497995935425234644
559878704
305603041
528272668
286675541
184955030
1734096688191992307
574589442
488460181430157532
1691881195315089468
216652488
1177791393209231539
627396872696101564
1385105911197440660
1924005342531228027
2056481736938918467
2055943120484692707
1669768241756991147
1704943307551529740
458869992018582205
357005229
1863968469823930267
204307826067011525
2270763732819652628
317341431
1115751716093184539
1899550340372818140
1498366241334568499
137232997
139897366
313192000
1755146526518550268
1821135136582340148
84063341
1305706147930286419
1112486986423019259
318023599
2117730504295947867
1047997714151782339
461043372
1241631975511030179
1947292521249476548
212248908
165180747
436866130
519456650101745645
625728094388353244
1385810648019998780
1046783990972282499
2076557798634938308
179050982257015564
313858578
12297908
1447904323289118340
1447786161092475340
1896788275795671180
1114555226359388939
1770438519401543820
127512222
106167090
562189306686899964
241763064086903044
1704233852745635740
1496442412794111979
425346267131297652
562961608169887804
521956855512745925
682557601255617012
621283205147554092
1886884155356745548
1386741071608801140
588077352183424645
1770111255752775220
756068074558368364
1545161128061432547
651123969523063165
2054368582775308987
1641330611366778660
1757749434403401628
434257603653966244
1173974865165916619
488908337796370692
294156516
624624397896730204
1795709828462686707
555649897
1366044669519206179
150962883
1755774246522974268
519172830
77146915
745840044729168252
196641617
1731795910946398747
1641927451837921340
1988020568758345387
808781536000335572
1573835421246434020
585413271
2118025086024430187
562059054
563942231
465592384
441478165
76414015
1758550808563212788
1736219610302210107
364151100787351692
1734704986435555227
484733450
713796059164023325
1240074994211297499
177755752
132107941
395333356
175001095
103325547
173807535
433955712852404284
617371563604467612
392688830318638965
1175110693627115099
433548852140223044
1732433511131844707
586594995
1173866909467535779
1385635049708411060
1896258787054131380
1574242608372808340
2138437454572413348
296922907
1989362742160560667
1579395222921512980
1575785483732796980
1834330582841989820
1703921773567949180
1963580488179701900
1887409424569643668
264859891939927805
619528252317356332
649758785833867565
135936672682215485
394105121398482725
2269144156279841428
585584995256571445
625989892947134284
329513365811923565
1178720345439876979
2208461865762193068
1670697042691494307
1772051437984655340
1831483275849635740
278591023
529105834
680312143618916452
918252907279595339
872619902622646172
191135566
626616469806332484
1113091016300001659
546675382
526891967
328479073343126085
1512210212905380380
202077706662180405
177346710744540924
938437198511624892
1638921119412234660
2014223969982988548
428813790901789452
1510921679557744460
2201730246462783588
1669912612273614707
492950447649513732
1175130644634982659
1369970597993728059
1576564364580546860
200076358
511010095
256430110
148806731
1991592578681418347
1543960772238122667
1946089003204129028
983706678385592499
1640290604362844780
939914909890998372
1833569627521874180
1242507485900544739
811919143274073852
620034935285788332
2013801142896816028
1512223641595484500
177248811766810964
554489926197194732
1863576132215062187
225284105
1769696393722521860
1370746154218015339
363530065917899452
334653901
1771110242210498340
522810669488543445
2078234697789944588
1240301010478029379
1819246680359272628
1640697540133325300
1895805410740255140
1511816643495946140
1734377041798135507
1693558202048565668
1989910572951973547
1307432255948728659
1673792480406704467
813443954372821092
652295332072249005
2074237335560164108
561741552339748484
428083415168069292
1605936793776591587
554394161
431519704564455844
2267837425787670268
583585102809340285
135960167744334445
141109115007924805
924362629323458539
1696401379417714868
758225518448646004
1500428697377126219
308547741326075604
1546394579441697507
1049910775672719619
329926392221620885
370850990930561044
1734849557130702467
1897474103051786980
1990891404867452947
433518673625443044
305198695982557644
2117826864500175227
1834236100557854740
1497836446692301099
1833531808691824620
618556454398861332
2206428282072608788
2119894512380427867
1513724944995276740
1831805648028027140
1757235267250781868
810356851015462692
497923107332408964
2077204821172257428
1959435865996871460
262519753231304885
1495933682497792219
562883216523577084
366892134
1988360477554946667
83523793
97006632
626535918689163084
875471305219182772
1607438790853193667
1639763587096586620
2204127429767569588
874645064447332972
1946118966480007468
140462434
117268966
135150500
583187665224996845
2138610174713807228
455444969113728805
1958307751346739340
1860477449545904027
1702219948013087260
745587070289416892
489871298085937092
2012301337069683308
428534683
561665284220545484
373661439
1512903638552258780
153718083
1949851664053445068
393425770097772685
178577313642953364
556873821
544821913
1431679525981050419
1885867821302182228
240675431629461444
567225165
438722389
1174761062440315019
810295303194181652
647397888931723485
618483014409818652
616025036336218012
515837894
711439892570856205
584411933434845245
2011774029446463428
1639215193686293060
647335393715022485
275135793
1796936703012609627
498518279818737524
264663417524721365
1365948791183903019
524358840
490640468610629172
263392210601048325
365476270
391367079
1177219350078146379
589170937875769005
486735946
1302929217433261979
752261922535450924
687963863624403004
202073866
809142189018366732
177014418713094804
1947830651691634588
2266683254743318668
688716858640041564
199841801793829365
1176618305630033459
136142118023481725
1112683892127468299
206884494
1448412379208960140
921923065402051339
175036746
939001561048871092
458062652
521638182
982531110800045859
433601731488405964
617974723565309892
413176364
983790613022320339
241523369990784644
305791157780445724
746042762478682092
199529220001757005
1237313608612936419
1239993672644843339
525038235062012485
520410476506282405
2270883518186385948
1239508210874931419
327727930776234405
1946997931891703388
2054023154555445867
2139414507514523348
568753458
1174434874708163339
266411584830184165
105516210
459299825
166743150
172099799
744464188654190332
1961117420149729380
33592474
984660661854259699
169159317
220512856
306856313382140164
1606095161498268067
392285557808502485
920255888334755899
1927888277020253787
711332220518427365
1541031181441282107
1577615318717101740
221324955
167011011
500048304749533924
1434571365656566499
684549552762355572
684549552891564212
459060026211907285
876613432583647292
526596823
298215005
1862954564716925387
162765280
323866701
1175132029490821899
239046140800907764
391218415351691365
329298776146970925
263211527475800725
1244505661617632899
574976441
141710538
813202500533973052
813627594814553852
228605893
625761754571822764
1542564621674058227
874393340802855492
178590358374098924
1049742744855910219
1757058706841899668
1991414703540440627
588870749751998165
652318274779101045
982233952377538499
87181543
1946658606096929308
511144435
325201077
574806185
520238224897460485
1366531226681170019
1989507768379137867
1669975223048163787
368914489496480204
1692566267873641068
1734302684325450027
90007886
693295265659747044
437345628
1673218453997989547
552385447951081412
754870861752346284
582614649
568242703
141109654
1733553442430865227
584174004538660765
85255216
85255441
507263357
404613968
262399295692724485
492219185057350172
432808107
137213843652860365
1051571607979919259
390662805
1609568800144069187
924623051795814739
1372241133303102219
221370423
456260490003850925
575107509
688996984624420724
177039394812442924
580850657
1511575747922729100
921317968079185539
1832970337992672940
2118589169894925067
1801787213907038747
621570180021440852
560208411690297804
1734160688770142627
471083791
1431894818022962979
624219931235989484
427055946346339932
112206591
563620240
6985956
519013291332307285
452727863
112513203
294864659
90552301
240595651
447106608
173226992
1370386114909357779
554672330668655292
469942809
2054312397163307147
583818432
273677707
431962660
557626466
276318859
532238430
43362155
1579487128771226060
1514778785405123180
396601862632658805
461601840
1178677314328996099
323498671
375004806
459060026083457605
554220347522629372
2267881621035961908
875646491970526972
1512468476843919700
1861608953209745827
264036343670339445
561755947801381404
265932163454532045
1963920371904277140
1818717232284233948
2267663134241681988
1947248076467745308
1047867128793200219
984122933300602979
1927305318124986227
1959335385418476100
240731281008646404
432036328115001444
497745831387121484
371840777678199364
435736069
1960658576267499220
1673772018226638427
1112847387557796499
286279716
390493475178932925
874468381039910812
586445314
714459669160106525
1758041096276472228
200306979650913925
104898929
561195621895133404
4646210
920918055385405139
1511553096500029580
1604405140525600467
1884721140014379188
1606037289671671467
123498938
713494353997932405
938409172767260372
575466673
2073554099218013748
1110002793379932299
685574869694984452
372287841615469324
263131641517001125
491808681
1796527976852697547
415232268
565513027393009364
497549050254260724
1820064329285890468
1308056865700526179
1384764882423019380
1673015157511242307
92149340
92148773
584999693
1306736813669345939
1755201467940958148
2011979265164873948
243847929243511524
1111757922750617819
2270243803412615868
500048241065171404
141574151
1387732925538867860
460757769396659845
559718192723195884
1174776971108710459
922260438891285259
2077831243898011428
1497756603786906019
1608006487091868187
458518708599814205
2075713268148851188
1829611876145776540
1894370170524375060
1370043649026508339
918510867226491619
518821136
75235910
2270414262970810228
140094797622749285
1948557023820075268
2056880098780397667
1639668761858591020
521751732098852685
153859355
323839584
323501294
585034588655601365
1177491568209704739
1798349521420915427
1367727613413673339
2267047194864180828
1542156726316167867
983926757015541739
1733468098597429067
209150306
102740756
2266090941931634548
199461006150744405
445541403
1115532012015995259
393588196
2053748661869436667
330836042100701605
983430042756331259
201419849842591925
2077018604296142788
920909392320419779
385849306
1737939398964973507
1576677027163515260
2074762585157767308
623467819234391964
426754088850030412
2053682809968058787
1641273782138030100
1883439943581052988
407236498
91927025
186385950
89110532
63210934
347544027
276965703
352435976
1494103741089331779
936210390982049692
255176199
1179894580484536219
497624383657724644
2011329843557817988
986782086948752099
268713967400659325
2138613875488739268
187444897
1860359889613324027
427522992
498134903745174124
1604731756244512827
23338820
545830817
415758873
1306461360738989979
918068636294462099
588123779312339125
1540051761866436507
1830208629806459500
245231094613776524
1112365573064386459
58711946
1432210412843756139
488826303501708892
263060428645258845
2118679585649820347
687594502523009004
649268729651226605
715225823392691885
1949088350519882468
1114799594162104619
1863893972070924947
1896474132714752500
714772846227379965
327767336731592565
1384074457736448700
1578223166583879460
243875402868763244
1670082888807088187
568578830
1494643714429860059
937701229170881292
327321037524875285
306528638549694804
1888143436287991628
1304165038668113699
1756440953620001548
427689236095823932
305174129272120884
1693384993519627908
557821956468191332
1831078132575611220
1881687239775285428
921106115351071339
1884426076722065828
371489648
242842530798864524
713516854852143605
2051993202750927587
1948632697749782628
1795924417029870267
534607343
2266549449889149268
427600291
982539886178560139
1692169056623648908
873305355505262412
520082507792779445
873369152801062972
177055681589889604
1798720491616698827
564908561110227004
173243493
138854041
59012947
100802127
1731894258396008587
582763418909824845
1382485489694197540
2271589546884353628
2269875479619719868
426050085
1734149513129647707
1703736557096990740
426320553543954212
581629992
651130092086749445
2206127004869378588
140888258
337065402
185050482
225417975
569097399
44379726
752075505899730964
519045045
240925803
221985247
561645195
222907498
248813504
244356480
1667721243872719267
1543627327955181387
200957718410737525
1734935653541450147
875387765643457132
1435937604562954179
1674536252125934187
2272216352658608308
1308306915670906939
242027404172929444
577989275
134941457
1576568306848389740
329362648723995165
329362392114284285
554788367093481212
554852239994437972
1606652114268951227
2268459559945331268
1605138570132370067
1368861283921991979
457024991530153765
432747356721403844
1176692880849704699
370880800973809764
491681389485105492
1305375018226207299
1541580720029728707
88942082
111073855
206085575
321794925
1757697265965436468
2056372078562972227
489442086324784892
585649563052673125
1113154824760371299
1430571569070909379
919935567004805179
447712319
1451670677740062580
117090300
576284517
572628183
1175538213499504459
1510570546103920420
420612438
681265001090322652
1540366642652724867
2116661308542845427
136901568
212740073
1692386543052116588
579506156
2118448474821337267
941991820657959292
1541268173213646867
196586367
1691290620981096748
1754662539767799548
265643609029024005
1732788015791280307
201219062077835045
1993487119334801107
559629594434873364
188739731
690461572747003444
202787451750529125
48728536
139255739
128792642
371513329512106164
367541483632032084
391989458997909965
1447495294656891460
2077196616067248868
268208825566439845
1899820801530972420
430104565678457092
555167100678930372
1240207443100805579
393198704235916005
1669734714432463027
2205667462378671788
1541560913869713667
1757174749285531868
1899371146545776380
81930191
1113903982395136459
432591956340394284
647847677719435085
300124674
123247675
1755194554188710068
185791810
491401644
96036903
1175930519363472139
129542499
556349175699239012
114478555
1766487429043394380
241221810014480204
1691746896736104628
497436167864817964
407541173
1436102086037554979
1240246551953049579
554522150184373972
2267439404259627668
449148309
313621140
225242249
482392901
918030200946002179
2140875003167982068
171173413
1451338422674749500
373059111026448124
234547884
1886983712666554268
136866673516816525
438358955690481484
201754801447430205
201819059043273125
1799239112108863067
1799957508620403267
426037338
1306499984307722979
491553451967721852
2143321612871958748
1243078537558825059
1578465872308684380
453844660
2204918845480522348
1514103404739021340
1798731297585512547
516534958
401416066
1896074343071344620
456605318703540965
1989055314319064667
2010344528827137788
2078493282327114268
1434806320730634659
1833801667976059180
329705164
1706004900114708860
1882836339457424948
1111613155490559539
361384572993933412
265646693200042405
240975786811602924
2074303259626467188
875065109953299012
1605656655411376387
1671949988954799667
1175103453033625979
532198987
2052273966753579667
436562986145102084
985362924261263619
711978696332212525
562471541
646790141174299045
1046226060994304059
493684393
2075973782465302308
1539802379738390507
559755731901814804
1818132659467214828
981828705702533499
1175551654964357899
81750200
628721518421960724
380244565
426332323006431132
1605365935961591867
242446780505422324
1173375265890109539
2012016571455521548
1238793776711465419
875757451634982892
1866487128646648507
938629377976861412
303801043642742484
2140090113593541308
1495276104759163219
456043020961798565
361964094144294652
1497089704187709139
1949552965641863228
1111555947611597179
1496705097228298379
425170801394654972
1988019062702645507
1833124457531525060
808640744752689852
322889343
322888312
11269934
1381597087290644700
190880760
624735803307649124
2138911403964079708
1991058583578165787
1176773289815276179
589219368
543970418
108878063
166255978
2116549927319625667
188595742
561606426620688164
395916469606570765
94618955
7657883
1993531664953254507
680530137935061532
2012896421119500268
127088605
158508765
128658621
208313528
461607359
1706455883898747660
470066296
582724500091643525
571713350
1046346113214126339
406388799
239684835994732964
119946100
2140662606419816308
1735270986474119867
1926575830463213587
1896768793878006140
574993919
588427880
1959200794569574340
559903716761565164
121919846
876953885890035892
244831084838734604
756150606585268124
202563547653249005
1753736709380252108
1958002804230502140
1429249656547236259
540757614
534626209
1757128146730200988
1510220264499435660
1881943985031610268
326640330721471165
1302552568126188059
314173795
1573733046390323420
425481073373274412
1177072139693168939
1639467203336775340
688816902439062044
1447161868441651860
2077411441582112988
1797968821495881347
130712770
2074756078282763868
1609810871315181787
988094106483169739
1051633477255239499
1770086355785840700
263247792878229845
1693313033580188028
1861045087234982547
1947047905489380108
456341362088965765
514963547
1545022576437280867
1835238123860900100
2205715713380261948
583361535
130282924
1386726327208643260
367726136518600644
241560004226709084
512094052
875807733899293052
1447594223309649700
874051149799780932
1642434928160286820
1733543974345986507
812394183022109372
1577415592242759820
456432467397678845
570133153
983042792297318459
1821644319524630668
1769590450623907460
562498341566367444
2011268400959807908
2138939552070914108
327626423441045725
1882868995741442428
278676620
212751544
1513126024724347620
1832235286199921380
682026451936940372
1861272871721668307
1047033379768023099
1689774201465417508
2268806572632669868
425479082386194812
1447412636439337700
59693072
1510211852433398300
357908391
1831893327597988460
505047500
1766011240631326980
1605532573138525867
136717683201133085
2077730867725692868
350860643
714634436358334845
1925504727427044107
985095027981199099
366264150839550572
1733171898891624107
1799067383647940267
626621976767862644
1820830490159239548
681765878995873412
140631970747583045
2140611567104197348
1542675939650531267
203480631783123205
436133098217580804
518601196812683405
231210145
466953909
1834288867426109140
1576853625446758020
96384478
1883403560453153028
1110768754547374339
1110588616843766539
1949017005986296108
1448092052251330660
1822159167610011708
395181336785885365
1448155954172898060
1242391262058301059
506421675
520820293758429085
202931732330317405
1387817637711513180
2010564636066520828
371464121306896724
335256980
124890147
1767890745414092380
2267336749805170828
240958466565966564
457204900607473325
2075663563207528588
713635970559105005
1605876824971132747
372741378
520959733
1703690933398845340
498516329
2014836882808640108
527710173
1862566677480890187
2015951059129745348
1576217763741132860
918121172892313859
751489418034141204
149312225
347388225
1447825845731583980
2010885875594539468
1305794919097477299
1693831850223689668
1691350023903837868
124903022
939901113191822012
191627170
122556590
171412284
175082972
369538475130722884
615995073667613092
264537776288794285
2206351657902481068
520234853865703565
587253310724081205
2142239754329325108
491136220330299372
360871024820437052
186663193
583792843
74392207
489774649
137228963
228345543
878622756654416412
582657762
626488978795812604
1821512054380105868
1861927360320831067
584486902264756205
2051759513080414067
1110567129112136219
556159432511987612
286980528
340784049
305369752
310289352
172727567
118205257
520621791692682925
937726397864005372
1691016688186789828
2267272813311398148
135788744170072405
500683165047793404
382033649
265797092821141045
329554907215898445
687900086591719644
1452068279555819980
622284120730447572
1801733882932277667
1244230650367600339
653371429721032245
629968331585747124
988821922321459219
1546006815607861707
2266023160113717228
710968614105667365
1894187830708254740
218792821
512268368
1111610319635547819
625857539551442604
938230659694763732
241345732092668124
359806613121647212
168223633
1239149492842834139
106971274
491412709470318772
1304307007833138779
554563357166395732
167071368
199319276
984116475071190739
1576947675837245780
489143623497244932
1449294754548889580
1447818333637315100
146080300
1704410603223275140
2266193982310800948
1303791386955171419
574256620
328805580761585685
1690757285687922468
2012182073571053108
56464633
563401154
488475302586765052
2267664798388379428
1177928931287398059
201399559
525520657
177037764115154524
1385058875333560660
304658690
554236907838840452
1383838266988308700
424092106618949772
1176239879871927979
587837228
755664525988583684
581569049
307838438635813604
935974542394663332
436248665
1434516076624168939
455636141
619985480618810932
1367206238971176899
684549552827482292
1926441879757979267
497851938636663564
623590520164604044
240357517367138364
754404419252598644
585597959069374525
938228669285035852
1303757142517647019
1046799182601431179
425339118510006932
1898463943505459060
515095082
138570135
1696410820285862188
2057164252039119347
685631735045988932
1242644945847613459
1243118549356063179
624651039599007524
393983609866348125
1577119871003350980
1049923957174589739
1818452242545675828
239262540
2141938358266503268
1704632102005872340
2143903900197532188
2847766
508131114
312486427
1639891652155422300
492617226980115132
373119820075874404
681791587677561292
1050734561840772699
1864714348328726227
529124615
1946416459531255388
590935452
1732066877039628587
328975524594652765
448221597
139088179
369461562270582524
2075788978166796188
713390727582522125
1950286798299864868
522282974456572365
1756528811283652628
134393984424393005
552257142448361452
648887732168075125
571541285
751920947509172164
1051954310188779539
2079550470410764388
686011911195021332
182038250168059444
527080394
71758189
110932807
176587929251764764
1961098413485291140
754881546414126884
755704411314161524
527054624
618923399284928132
1383571767462983460
938025105176768372
625903676644439964
1707609117959444340
436560435690092284
556781647404368492
624839520464471684
2076036553254474228
756353636555761324
337846019
692795726216751404
1927386454860320707
683614102491083252
1799289238906135227
1384912355505182980
1692559626357137628
1607730463480783307
558347963731504932
491392415711220252
329643940929296605
872292965914775972
266159459513555005
372497479947966244
1307042046678333259
2270361018053255668
330271449978742925
874178400350053052
691090332650583884
552930674145144772
1638935844355143380
106395599
1449823452826674820
1733182774681674427
326600503658932485
350021736
435177167127292484
1702055772550912780
1383571703525898860
1577776450936473300
1961985598680688180
361939708561375452
1513820306905057500
139708973479675485
1693573271453422268
2202879382973411108
649187641527117405
560731481292929644
2120117822781595467
459001873849698245
2078790966451109828
627666563273365924
1307635804845967139
439840153
195137711
187849183
116912290
68911245
105250486
1734935574909719107
499227682135415004
1050294909090498939
2121671930471108667
685047138597221052
1994550063366484027
2208346298163826668
157098375
1701734047059384300
307764098
1175991483393915299
1388181652538378780
332847877024323845
1546204603826126587
517895649
1695054191096598708
373772475735701884
1760140389974253308
220039533
2272149018040004228
1674231754377044427
1993815210544529387
93233048
1796326068298190907
566298653117200804
268011248415177085
1500018411989595739
245296982124673404
1962330023862835740
2271734767681999508
1545351896457822307
495390786557077084
1450027588719953700
202412102876248165
108923932
221843495
178516046
298471439
1306354644047247699
1819414234003427428
1703896504741324420
1446871447588362420
416282773
1639052663228426900
1671190801574617627
2012808829849264108
682112159803399732
368532370551937764
1577850865736775860
939267108395938452
2139458133493383868
1988146551262486547
539187893
1895175097004656380
1642059721139845460
264058287227685005
30475970
177910046554138364
936629661544701492
1238294181005200059
92272125
1240270002826701459
1110546530483641059
579435513
583237507557014045
195580208
1304728140150630419
1895351000816323060
1694720879535894188
1899251963801958500
1306622480775300659
371257454594791044
495427944120203324
562207740131088444
1541782849621003907
1701456317074340260
2268565461396676948
691578851145468124
166806351
143804118
192799084
200281093
555017764353913252
2137954781291163428
937994627667279612
491403735591862052
1639963682718443740
1669841304870515107
433921568547866484
754768791079450364
1177792483947202619
364048413
1243689976193013859
1302884043929672419
754563865169271404
265646565447911085
491136412542677652
810809406000381852
460002910993619045
588050282741459605
1925151264581582627
1734070473101815467
1989041478715896587
1542512418132287627
1768686912756542020
1822012486193205868
180988073
1796376031603846787
570980976
574451655
557470015
582639266684504325
559765809236670604
936320055909364492
2009748298457632428
583021684625476205
2075710347027959988
982536346592040619
522164044140509005
1949061046981152668
1433089428449822739
1543382473480961707
307142601739598484
683707090409828932
1769424663572264900
1305408383160699659
2074624561625756188
1821042109169553228
396814608
200833880733906765
2140418819907883188
307049148151978524
1768880824665098540
10053219
2201627231685951228
680697960081232092
353589798
2013998565704470148
441586835
872604796397740652
413170553
488403601785844452
1512073796074609300
2074464906980405228
239719333690701604
1667960369024934347
134471476768610045
1765921715014727580
518731699662322245
2119218901870440227
427699377084199412
687453450826901084
304251677581441404
873174529738309532
1830407239085680220
545086582
370852773564525244
713690131438291085
362778132627689292
371491057218914844
1176759577795860139
496840687
714369028326836085
498262899088206284
492235909554225532
2118868524432192227
493520662797586212
308179146367330764
332563338681063125
616695255750848252
563196098655566044
510776081
2116625472447766667
1608147918804471547
1540328830315183947
754467506212767804
1770579527194818660
1605687768410779947
1640573035021322580
1832493052224993220
242947693
134402912357730605
198656678094936605
680465617122066252
583218613
1987713389181800147
222957127
582624109
1754118254976627228
1881766381182086708
588891923
1667844263320711027
1513669750397900500
1795779216954892907
429915009
488518450976100092
44181401
2116133794563945187
40055443
1305720222784789099
1865499334840189427
1388060699831470820
436320768618564004
554525835545976412
270190400
1735006328072367947
2270942163218218668
266289107341809405
1368174024459540539
1604801165041020467
487740882804866612
588139618
586444357
141143426
1960478982577510900
1045965812499364179
194742156
573280213
1305015214392084619
1948537622049292628
534339086
1494424417495009539
1368224774718822779
1307020868772731499
986159710631413499
305174026
204167063
322889892
1604365245909230067
544934636
454397517139053245
1052237033143879699
555819608752853492
1949811507711541068
1605259091760672507
1511372095203358340
585591206
981700419840870259
33509413
243656644
186066067
1930218312583938787
455647538
365802592595464852
1046512421652060099
2116304570144473067
182102514668325484
2075251717948345908
1830132332592773020
166713361
138483722
87395600
125961288
178890134
125961042
586480005
418658631
395415824492673805
139726375961811285
2014686192858697348
628588629250484484
813047934384648732
167124319
1046938812732139899
1509769859679774740
516342200
339105576
498559087250478764
755451772558690724
435494303180765884
520898531546466165
1576562920988927820
405252848
426759762066686692
520926587576818005
1989683062045851787
2268437345373524268
1304854365562009459
752444470602410604
512953532
2201730952013549188
72198542
580353055
1367590746977044379
568617007
2009707536483320468
1368354407779870859
2011833776478855548
516904684
229429294
987728294543043339
2141701116114382988
435244013735040964
1692197988543336628
624900892825299284
1885255507371778468
1367674770202450219
2268719499298644228
499509525281757284
713251769214326325
1447630206361877020
809722208854045132
1767117736419686020
1895181016762030300
1963556215210014660
436909510344587164
1605366063907954267
919338538500331419
2202386825294983788
1241008256229939059
1705660256439305940
1449846170780027540
394060758275816125
1448628970058352500
1512138599783660300
2137744016177716828
1755384689157705508
1579934323105556980
140732873412389565
1899750695225702900
924180333036349499
1304563296571996859
755745552962033244
351716475
563156399052991044
1446899026665892140
585599696992282965
350652479
1799640795290431307
1241131457835427579
176695212044539604
625297664233846724
1862433061140164867
1242197543561246979
234012846
164585427
284192030
553697658265403452
1832874088075150940
394697238
620262490852790692
371574621269940364
617075782157587052
750409139596787452
396703037116688325
141466135
1434250246381701379
1887658200785297108
430159706
563143480
259034126
343015465
247125305
983069096511621899
170453277
333517428
1958497571065436700
456338527757564285
1384439258266122140
397105201865529085
1244746706571458819
1047589591889991859
920550130965985339
1606683166677127347
1894081930980935820
1833591443042088580
499517685036140404
577245921
560304686367524484
353515721
290474201
392658445963987565
1244644036964199019
878335992542851332
366670820077310132
160754335
1708404907690670420
1384683684044483220
1769042796903577900
1640004294425426300
241606162497992324
981506587921480339
1947819561942028788
687856589818415564
2266744520659037828
370840696950257484
2053851870851248787
648021187245841085
263085698817541845
1381695459585239500
1702061076934952500
84007121
2201654498032530028
221224873
582908068223186925
240858280
215756775
251456674
106964479
281656351
473241726
1796580336809771027
499424817196754604
495939219725892204
166546440
1451001514847836220
1667914386370018947
455958483334744285
363699895
2074626745935085268
1433345698651147019
440034885
454945894
1607005432117014307
987656275719997299
243794785239558124
2119124848663912347
2119124848663912627
1961101897504430340
1673076600825459147
1673058848890994267
1796624598572433427
710660799779538725
1576471863518464020
1735730810731430107
178650646896974404
1606971446117961547
1692221474596753028
539228739
233926921
182776871
535447481
572450314
531385211
245093889
394736220
576843757
1513657554775869860
920382718684948179
522588175917431165
684748614908342292
2055188648357695547
332149296859674325
156841354
498272860767750604
299977205
2077189833953251028
937609543959663252
99886430
415865124
192378594
178051482
287546366
1898723936181975620
1606667073038185227
535067795
134505821372749845
304703865472210764
938162624992059452
1498245413703322219
746029315686961332
263041347422459725
488450573
1893789103349667420
1430411448498411899
2141363109510463468
457466801320372805
123353446
325892719
2074271772891516508
497689701959337804
177142849550014044
177114512535988924
103768796
305525171434645804
1115364632315587339
712513158581458485
1047444634273741019
446581098
446579192
93608447
425153427660664692
176031689
136954463666121165
1883088762525770108
114322847
27341606
173998231
809094663707512612
688715910721542204
1895701331078707340
1384505334259271460
428989309739917172
2202375778616802868
264836434831980565
1797138500771361027
920673623173150539
586768600508934605
1513533456102676420
2141627607183577708
329935801417058405
555411382483648332
1543858526980804587
2268297432763588228
65617326
208281235
75502123
1638106516982794380
368083849
221208028
65057478
624361254608533924
650414669798386365
436219637891283644
331460287
136884850
475933978
133536580
1753642336546172788
120684647
751522581206144644
160752210
130750424
571003163
2138021082750948068
1510129738678262060
182842927
518867954
1510097906023925980
1732171226767679747
201549501
1959557941087570300
569581500
29022656
1732768217568432027
1990676232794205867
394475412255054605
750688023060099412
1884653835354820908
2205044215420715428
1881821509159886748
1734340667324981067
498785207970249404
518842236742907925
2076891568645705588
921269028251514619
537831078
1830774527819785860
454633780
984219869081896499
560195893
2012214695258144468
266527765495875805
443386133
521221536919251445
1509836988415662020
617144142558380612
2011535842941022228
2075602249972625228
1926471933839986467
2074446198265295068
514161205
290185650
149852238
1510761232770529180
334195855
1882400948830588548
519892010044627245
207260727
586376380
555325878686728572
546681086
553414656065953932
2271529539113975548
1963159787737487420
2205280062761647668
122022000
121553983
140462184
149960575
313390663
746771501845635132
1885332790343774948
240563312908376684
77720232
318619566
360771501
148752385
185687760
434062965
173460468
587941854
360653491940625972
1368564965618903579
427503271
249670190
458705395
198840711273047885
650840043044174485
1667625081466032387
432718343110682404
1797413963374399507
1543778264753942067
369644503
2053254288612139347
490662582080172092
1833378109828331380
1494754862644193539
139401481410525685
746052635478023892
429027115393278412
941429683825631652
2055175321702596507
200245249072625685
876016689743389172
2075831797238591588
689142838139090804
521854917401586325
556680595472371412
31110045
199917608493963325
1511566469125928940
51116481
533713015
940291285208769092
683667893974352492
1606373189590397267
872149876051157612
585243805
313578416
1860220014053921427
621360962153971852
2075291534121914628
1495189482448373619
875395351775403892
106839733
157401162
195721760
184348479
626449763618351764
1702294361228871220
1176650555455744339
371458861
287082293
266839581
166313504
448232023
563281918133274724
252607896
303426867858561244
649496227572619645
551612666523247172
134470780
447505472
1833615286583961260
1667937015612940027
559385673776481924
1863511511417869067
244148989
373482582
578547496
584388721012803165
491135593
622005605226607372
587208412576159845
2079808867434712828
268458275449002565
1242523195147418099
84416106
70699016
72837871
85486987
1881574938651004588
394919551
398597597
111417732
446202727
413717464
59485651
504783399
452964396
557900709835271812
588249808144717685
537718340
757302334081459884
693476123135044244
1306641856001341019
203361812952255125
1387013901911582340
490995070540685612
1383004330383083060
73860856
505674802
617179058995535652
327040163784628685
187445222
146085487
458693310927653645
2204764353415344388
401802231
588835277
1177604600771368899
744671428769758972
1668418628152803667
134844687729014405
559965181
305474916591376204
1669778735283191627
1989891279064629907
56932139
749363797839040932
984830682257500779
1960827676765399420
200793773059180205
684058387616141972
1735880436856843827
402987689
118552037
168804047
209712549
279739894
1607949149176906307
1735537450386996907
204586602
82114563
553535684358910052
243147425
524819642
282613927
223845995
204585320
1756635794517905748
551193880
1925061169204400147
2203569084767387268
202397806531201405
1862662743956471827
411843070
215262219
164872601
1302304495795517339
174100799
679421772741926692
156669481
310344470
24423667
177618478
1176870302981663179
1796951668530291427
1446511996314880300
871804676501758532
710441244586543685
487345289
1051805412729559379
1545259342387478667
1515564637716388300
1862703618624790787
938733931131646692
629148663724079644
1693959004080345308
921128978157169299
307027433910421084
1693777856621662348
2119258735118552947
2055702247278768387
1768338674632918780
1368452803929672019
1115778761255701019
1759365971197513708
1757703073584406868
2270104316101337188
1543879971120979587
1367778658719774459
625382965257590564
2117718457501564907
330585881583929285
1862250624055165027
539953291
1832555417703537180
273147411
552947083
176420620
1496918610431314539
176103875474991164
1574988382377133660
176188278
203859985719199565
1114022532259850939
987122300010978019
1801391656980677187
1604028671166128707
1991834731657576427
309324524337628884
557615535438488292
2205004060184976988
1757131136452333788
681922443406405852
83204234
627865648079959884
129084123
456343873
171955716
1766767340172380060
1771543147547781260
757680059799127884
580504112
263181620141492285
581799332
489521240700772412
1704942795008788220
577175834
515054524
518419083
1496243757060372819
369687022479324884
1668361380516999707
242866185903273604
1513211056693791380
2010362602537955428
1832146502763386620
2204417820481691268
489594396579172932
329156681902679965
1820248823269654108
692815099795749324
1115840644919511259
988031096089180459
267905726832093525
494672665588437452
1737933926349242227
499894884629715444
1606715601895968307
1864985406453157467
813791388463439852
1544408634661081587
372509171096234724
1737259947412635587
518691592519542765
383716916
590235764
559065624
176147835
691562616681068764
924647808696165939
1388080857284332140
2016354686317907508
502051425076251244
626648853528725684
1767150722735339820
809660578819817252
1367103092245636659
576081990
2052519248557765347
497887257378310564
2119704045020398107
1368530399073208779
1112067725903022179
936943358784683812
1861394508935815147
498391118
1766870193905347020
304780136555136604
136282123408800005
496001353778611924
306569096198907844
2270552193349521188
365972416698232412
1708434724157471340
457898988229453805
629185916943181804
1545617182391840307
268212710838093445
140778630914013605
941344223909732692
2142069933203571068
942262515605942932
501439602834314924
1575947037819054660
690323172494136964
265170626970588845
1114743065767475299
1822457334826304068
1433440987213588059
1924373629627547747
229664870
1951588854104302308
365900296483705212
588365809011287925
436655378047555524
521230976366947045
1608876640289231227
1832150808962857460
649901287735568405
1948744272100794188
361566138370138332
2078578703409471188
1541295820438826787
203372484369271165
279351669
1240858789071882739
1307549403153951139
649880528508627205
1887980173525106428
2139076430101557828
155180367
1894090092352994020
10119357
1829999883692554220
424084368
559663549254580244
682040478992760452
745641302144479972
1897813105100441660
579769099
1113469398144809299
747540411206890172
1926665045518041787
1372016502031820459
1451077649590179860
425669216729997052
427423530920251092
445407647
744979519081173772
1949131793526284468
1178015670212372339
499277078730348924
2056176426865061827
1436485546898913739
1929425988870749867
1930589565661933387
1451454920009267220
168617899
1604405316256308827
8421701
30341555
27180543
1821894893526253628
1960525839463844460
1949496096620904908
456960926823840365
582867148776373005
498510756414961924
754078952819615804
1385283367585495100
1048474348320901099
539419519
107778282
305829416
1819850543698792828
1433453922831124899
385366173
273355580
619101319311676012
649356828360116085
2140962540581838428
479278597
367567480858773764
553415291827044732
1111009569773456059
304468930136255084
1820719129485877748
243273658304845524
2267428158936343308
434117639376860964
427905634772405932
489539452754214812
625747601920600244
176956862
572379226
177196761426314924
617511990918931212
588396182
333311455
1893919642467420340
199294620731848525
363956835342692932
438736823
140308023
390089862
1575664862571735140
240895376104720244
1430374231102843459
1639081342654146900
327018164
1988952658744639187
1961564595717703420
939937740604669932
1693165268621631188
1817965158549250308
649457492481419965
378110958
334293176
456828448
159879589
2056038245762306667
1756551744719024748
1175192224599398339
536596476
1691298465784454748
562726249
440473508
1863361264138354387
191208110
14538870
393431833664374845
562327777440630724
432879945255020724
426919134
746829089330777892
582665044571204325
1368480665173658339
1640927525953422900
499574049377777684
921241798557706419
458784236866115925
1369360905797375539
1385736582912318180
431868413707721204
292093139
557697542
298331791
176701111664482644
111236022
589347859
1607037946904629387
1883832279424238268
1961576810774887140
497740795697670404
1174518301940664339
562797591036217764
1640697283592694100
1834622575121561620
2271693520877354708
1176134087228918219
1242393043290654739
1961816066515793740
138316574149905005
219492398
263782863692663365
2012625596435550468
569644924
456233081738553405
2054362594579468067
541051840
437601218
510732290
680807062671778332
1542260444009115227
488161369775624492
498401683687183924
1239398545488291859
69290743
1368608666332867339
1370097562715494299
986178984424110539
2051416103933902427
561860567924230804
1304843358541076499
1448280091502274820
201224739419839045
550890266
2204184887269551868
649979141131699925
187520865
1820919338991894148
745254199853248372
499090564489325324
370069065084955084
98223204
1177141178453514979
1927893974889012867
1961335045983017660
683109974411046892
1638778749588757260
518791169641027445
2267622707080757068
536553704
536538444
554288842047476372
2054319776206164147
584660995477284725
321148867
387312671
938839106694132052
361686300
393589822214724285
433502038
134701911
489770706462401012
1603922716662878147
2139910292523163468
392175182070728525
266520973750728885
1946288780517797868
1638984155589908260
40345597
1574327687419504420
1884249790346600708
487606088
1928902851528614227
498142183938239124
1544284748422238987
265842421121870365
1820950535466324308
1304751555001374259
1177483627417487739
813391915498298972
748341850488799812
1242479095654430779
1862305987761942147
1796802140622389747
872783487264162292
1639166526399150420
1734191182739222587
810840107604959212
1430909137172407939
434393923113252964
1238475265748368099
198386067867428485
1448914582646691860
1305734475042948739
1671953744905945547
682403130884022452
2203162090671505988
1432844063653571259
101777081
522336111373810085
2269649786057536148
2054829587822973027
1385145310877788100
1607870484451176067
580036225
1796439081380139147
2053336227092349107
1639835889738578540
326800073185019925
1540884203128311347
2138608113024504028
2141648153012952788
303493279375591444
457570142098950565
373695424
203889938320841285
2137647410453802668
1048646704230123419
104668937
278116179
1767905286947051300
370068703583238244
1382310798103685500
2266418001197375428
1178135116154890739
1818989516221411948
2205329549003869828
1176331917510624979
1757200217805815908
2139135225180480028
2139480264485019868
1671484147820986227
554063553174024412
2119194478439190827
2053338494711574227
2206211239506301428
1113682036368149179
1949333421265502068
241744956699019364
489850965383360412
319335436
1989391699713814147
1513733750417316460
1382561495967282980
1704676109314837220
1733667008830291547
2052947623899537267
2074984040237498988
710671643927804405
1306741590614354699
1948371555616473108
1834708765547120340
137079353915766765
414057842
245452635
1754343886951826068
425971765518958572
1240375965922723459
1605226466148732667
1048313710151793099
753879189015230444
754697957274077324
755121397827897004
1540812631946519187
405488075
1638489120081582660
354565917
575113048
1990166008346902507
139645567967401725
91815772
66033347
418961137
454816920
133985252
163094458
351884705
210419942
369464548875025124
82524439
509358386
942101241221148452
523142491
151313057
167464321
1574116712114452140
166811793
746179949908734332
1895280328006031580
1767574799297669100
713034154770110085
230449886
1704589397228963540
710677552732002205
680871008037650492
310622886
1385305283734886740
398450432
1818123424911680188
264948741026351205
1110307365299149179
391380209315293965
1429699056168335379
1863628263183474387
563224711
433904132836746884
371416352751786084
164643593
424280515
254309088
372464529
174169098
264695082244880245
331271095
219300082
1110008959057336699
431554866076821044
1669237249609699267
1240063665849190299
2140869128004702268
497461255305488484
1447492915383654740
2119693719454671147
328557307772217845
935973902995075292
585838612731234725
305849095906658804
305459102
1111488956826265499
567784120
103813355
32894918
277630792
239860105031419684
136730456805730525
2076704970027675228
1382054892964567060
361661998043471572
237616942
327175293331769325
92993052
1830135904757811220
541637845
255716366
1754634409864778228
2204319659218792268
1446478555362191140
369975645098890844
1819717383789477668
921707399346637539
55124888
89554686
428899318
297309354
304114155
63112624
2052733104041709507
304113664
264377396
372310640
452319293
432710761012353284
256477105
687780253338507604
1959808593442846780
141920944
1605635698802291147
1605586420718891427
1112421727805327659
450815307
186332633
2115159914406125547
498182537
176826310554630884
252571286
258429087
142256071
130594478
438035820
624177077055392044
444603457
130712119
267081134
368559690958157684
1735826456515105387
499783059329338084
200014507872446445
432452899475605164
532233095
155207448
227724890
120273518
435583312
2139678734379123108
617271505391726452
83652085
244907578648254724
1823342543256751708
184506281
167307160
168265259
407685847
1895494057062184700
548490016
1431213527301682899
512706806
369549460
525128876
310626987
434558106
921599839999785139
559121894
2271554220429344628
1737477879352761947
245442433926703004
139204925
1545393909828251587
1244134701264906499
1925788142505402387
560451024
1800538781821718627
748971697340813812
1368053434418104819
1642449782364723940
1990032712948625587
307255450810169764
808036061861199852
336476648
329212840
690320396428396324
201183475634121445
2271372677295013788
1798618055165882147
242827534570298044
1448159312453785420
333114374305593405
1384405261099469340
561645438125001484
1689971971370692228
1305895604041349259
198845047470147205
177979306825058644
179564844
1993735387713118307
2271039132275273628
1179618293481667019
168186803
462643505
497786613387250284
459143886190557525
371809900259519044
2056398337521389667
396849106418243805
1307508785367971859
1577812681891255860
1577748616699873700
560862429809547284
683443861743112412
584283594848794405
1689695041836413428
28748073
2205329550036062268
2265805840689533548
1765643139920148940
586063449301756045
132361300
241150148304165084
1767373755701954100
489229201
1705366445083821980
681680287525425412
201211451356187045
575147242
1641446811804579780
420117484
1510532936878581940
370084453869266644
508541817
511015060
1175421248064747099
252872839
753395791503591804
590586970
538397998
1753798216355422828
2117636313811017747
689661626421356884
456682914
1962448858665441580
1048721382378977979
1639799910778316820
1574263926308362900
448733050
201818472762414685
939440195960471612
265448904119629485
1051479172405974619
1766568209425971900
584574500
2054834892134985707
2139610669262368748
495396892798920684
576533666
1433054063025223379
2204770610988290828
457358043510278925
1383916053682882740
1929242215944183867
2078141634898915908
1114875167108454099
432145364614069004
626066003548698444
69623341
370011367
1511921544066078580
1240966993098864899
1111649491422362259
1991500805292843587
561805361150060284
1731686868670271067
557506779
1701770531369768500
433383663
1768025247364085580
1993066883762147147
558234224959803492
1674336418523967747
1644190041813924540
1388132374548203740
651108958124877685
587451063
531582892
525358309848419045
2208021961052234228
1451304462299453060
369041794895161124
210341512
468270239
1701773103476438820
1669929191679910387
306352007973874404
307562605
88763416
327240994
490766865430904852
155303310
2270273565836566788
564103075996022804
1514368361493965220
1705966137101281940
2055318466709556827
936937049461707172
1366218511391283979
1429942883400264059
1818517199734551148
1987806588430656267
501838452045543244
648248450053985965
391464963018164125
182438093
616058433773146452
569795694
308329178
2269282558161952908
1753941755895677548
623946664302721324
1734392598916743307
1960058183268526220
920426327045642659
1576346396468767020
502026277
431474217966167844
1495803669136455299
1238978262640793939
1381613660340684660
1731920471821712987
1960629266716334100
1447851673228236340
687554131292903404
1925368087586870027
242059282360039124
1431002365806909259
584111064
458067009
134756441615345605
1830752721080289420
1302692790447236739
433607417657472844
690681194272139684
509530819
810216591804895972
624613643063691724
1642742241688873140
392507324626622765
872603767311224772
2052836803338826067
581042752
560905110
1946027533625602428
457169084
1607145964130029227
457108204960200325
391212308760050125
1864708378919907947
623855135863731804
1949483021954818468
939193181311783412
1241194813441074739
921156891227023219
177986670044186564
456389443367573845
560647758
206448949
1755020748167037628
1668264170595382027
143053355
554527014
306681669186381604
1881803685543804788
487972494240059212
243605284853500004
512323944
316491897
646642212480947765
1957832244268922660
1173899328600914139
585416350
1366140736944424699
239742010422790884
1048316863160556259
1864713955446673107
307708512
1770690756968867940
111609723
579127401
98548216
61240332
249893912
306329742422575804
1881858084771402028
918684787675698819
616239292395835052
687421229117322844
307766806914320884
569424759
1241155360625776259
982055234915973739
1958503104962262780
568889391
548049490
218396800
263706193804991045
431907885838198884
872350154589232772
553351864867438852
2053790978680824507
2140597348107194868
520415583
327764898
583048361
58954823
2203704924844986308
650414449454352045
546487511
1924470540895940307
265830320698681085
690784588022626084
2011840737668866308
1864159604734312547
1638327374501243060
1430830341898598339
453140709
808971949437653092
647026094923024765
260506431
551672109
1238294116871874939
982956390349506659
104925772
982365009629009539
1754580703688961588
2056067419196264067
521736645791689045
261994878039004845
93352772
1541690259079016267
576784612
218709718
153495680
584735291
1795982367048000107
461826346
586993111
578938627
1113146358914221819
1988108099514626507
413054389
587100066736277885
429164366808297532
171605213
136705930
105962965
462886194
569577656
214490536
557070613
1957687816384767740
1737454560922861587
391875442455415445
1606561783705326227
371582125281224724
2140451849992634708
1111166311319746099
646124906788583205
371245452
341324422
283981796
275020841
627330095189427924
317963218
304623544140560524
921077675693762819
2013223172589088348
329346842468583005
175485572702603924
290386040
1046443982038661099
310093388
273230704
92111566
2267441154482189028
308585846
1050056834070313019
236390015
187845782
424223485
144584593
90921275
1542566530583666467
1302195292256716819
323095432
137558970
1753883492238675828
118047771
96671962
579896770
305537422493374364
1638069643148155260
981874683741910739
394745618964772405
2055136794214452987
575370213
620235082025418412
2013963634351525548
212322661
2080024182420881868
2080359549252415748
1888480284061995228
362932547750264612
1799384249483706947
875989320382104012
243177650881808964
586242742742144645
15024918
159549358
2058266760879075987
810495375770775452
941557685738217812
396085862587336925
2077387636929876028
687914567800633364
808328404579459012
620343643740598092
616630000412701012
1174170595891620259
424010220082777812
300707439
2055194154553909387
352266250
307646179714996404
751809596058261284
418097076
318029921
187828051
259409441
467630208
1957979844889344660
444914002
496003036632745684
126274592
2055451465378582627
183846660
125699341
183878701
1302012487154718459
1701834567948667580
1861822449130077907
627843971427293004
337158454
305956574475577804
582765578
352086166
1303912617334160139
78788926
938612854911557732
748683730644017892
692302591795533964
873970498691591932
627574444642985724
1799507047055842947
1898014448194221860
371517601196141244
1449923213476402860
650414385834031645
2267187241578099188
2137813512152978108
1573916117193206460
873823740276109772
556152534
523246315742009525
1304727709459937219
744050237649927852
1574151981012839100
1510327167430461420
1925956786118484147
15694660
688378102812473164
494735883
47707947
116203591
1961505972616469100
554703726
1304874164460984979
263448664038344565
448015612
391151718179538525
362037442
2204566571528040948
1733372987270545947
507751950
178194699146123924
2075841307351789668
1637849381547877980
1499474609170462499
1052163953049713019
539821458
266231515
192291818
172655158
162648716
235755415
248228900
2011894778556038788
161295551
433772105
220101402
578031422
391314724870744205
376242548
575976665
590662149
554896654
553012242
810546288483254732
559597605408773844
361799186913759092
1179794585520261659
1052187709270107939
1237985219181742779
1243469592473220779
140308909
936230322073035532
136266584
567504746
1640624207855135260
586692236231502085
1689576205160746708
159091917
1991707323220758387
1638049330266265780
680347457421464132
808099180652756932
57352692
279665561
107530686
87088335
1895946899636152380
306265489216804404
1885157335274446788
1498429145006725139
1992647789191549467
456174108
1796426876244595267
360179921
85908938
124263513
235225533
1365884364828355099
615928094305041972
2265666623470337668
92301076
239642564805904364
97223818
2076320467085795828
73977311
2267887031538413908
1112834575754475859
555139371946259172
1110151202862786459
567957829
266957134925502085
1893786788024473140
2208407692526419948
1385076486821898700
1769866695252408660
2054128633416306827
1885539178513891068
1945571216336232988
938812694474657972
924627770546330059
576796224
1609678965587530427
1303075242968545579
1433460637051668339
710725696087168885
2058526659136463547
814852493045871132
1114037878024324939
1860195572654932227
680225097349762612
1174398158691399299
569508904
558918276497025044
304452564845491844
354028768
744390024956383412
1446140924234577780
141388499172788085
1964335764406056740
458124639885687405
624150315766216724
264130420943735525
217052937
133711334
621452327501607492
628560914110060364
309733120
171042793
129085393
178620417
261440206
8272776
378399039
136023357
29519731
238261300
46216113
172234084
569391463
1497398577874401819
327094082
1576439984725433060
425444823560098492
1821721067478008508
199337880
2139459001339301828
1302204978649201379
521669520
251050838
1667879069385126147
2012630501810024068
364154144076112012
242244102961445644
557953391
442342127
204116302
262193769
185142166
228370782
482631049
151470740
260163796
470756252
459927617
520661373496859045
431682503000152324
69496251
1605108165382750187
127999713
1895622254479554860
2204987188715696068
1949985574210388548
754684620834146324
315568997
1832413418193111700
504838618
83970199
1511657896739338900
453991618357069845
80687112
152364602
455376805632518125
453269154
920232165260727899
364922135
1924085196699824267
369037259495470964
757994878843787324
1707974745745336980
557913022813478532
530593024
651342564814792445
543846353
681235273683320492
443646080
457593878006892165
2202543052156776508
552278332980826652
118287741
1735773936879812907
489515440314622452
369072803
1703480981858027140
559526168893036884
1817477095559733148
16943392
154609232
151692890
377824501
300238264
1964386626574673660
812383572230357492
523502048731695245
573706674
2271639156544073868
461229386260834565
396921980576140045
202674362
240541179750323884
1429633688515717819
428717115894649252
363480859490783252
936119106642993612
204728903966685885
575001746
2016280011115245268
1048799823093729259
1756568762452021828
456374684069423205
1381711124326472340
1923632946406576147
2120392564822151067
568184310
1923791433970680587
936131679869018572
537663259
1114920279195637619
874757323130868012
982397460327823619
199214852479186525
560657308053591604
1239600976732272779
687239364017670044
1988286315616616627
535890552
573739451
691030631972583564
87573732
138161770501514885
986937145361295419
180681108799473324
692030980284524084
2077350669309985308
135994592
73436025
1733189407231890187
681618506624684372
745034231714578412
425462538586530132
328300592
1450043714078586740
587143718567697045
2118231132893605627
1884718594253816068
1049025877614335779
1734783196143628227
1541040688401133147
1496912800030566299
690660940040178244
394259785901267685
369802461652035884
173976028
432707648497321804
712755578204719085
426769933951475892
2055639937758957267
625885619565205564
1895999397667522260
617107315609362932
685217734076301172
309035328831084324
330105166348786045
534305074
426741925208912052
552943870584533612
520436593007806445
1048912138249493059
287280641
430735733009088412
73557827
55363238
711151065949537925
204522336772040965
647548533720828365
744515616340058132
145174991
587604133
2052331625379483907
262950628892575725
246753821
258781234
222335256
253403059
1859730559211552347
516305234
225698624
1382198110687406740
229424988
226220707
238459174
500098944
246199564
373837666545158244
1865469957364523067
328532532466652885
204047011
2012466456993271548
338367646
341444880
245820667
79031691
8641786
259149243
148216358
310267372
236256714
679483996348015292
812672112989642292
2079408187490603228
1433003564461352979
1703980597964851140
1881619638338326828
429540624
1109967539846850659
304481929
1605446756428095347
562344130
495978054721317284
583089444497230485
523974920
581520907
201580746072152045
755373087258035924
1767228021754460740
123924758
984585201780336699
1368922432475699179
202662937170561725
501271304
687689558837008084
235961578
1448491700783995260
1303381967702948299
1895600493813770580
391944387
371553669
334265038
328655290613295605
214497967
1434004703864371979
1240312285177149579
100277979
169972426
189993268
1881597604739125908
1667913919548223627
401078823
1796238681213411067
2074116538400022148
574759992
60715782
2143526236282073468
1244007692887766739
1643520041574779420
1898668822635940540
1820439486633934948
202882948568561685
493158874
1731642629360406467
2117411660148134427
225842003
1694021149729497188
574427872
1766724274329098700
463997655
1606519945849212907
1366288652969420739
544602192
1991483531358220387
1045997580991437539
873603505832927252
185150733
682717352808661292
1576144849693193900
258410286
256961521
184728045
432490168
128844439
205662999
279302625
487773424
202130389
1368884351064073779
1177367133225215699
627119527415506804
1241127663321057899
415308187
921154477744569059
680565703714681212
442320870
409572755
268495647
122106519
78334704
86124818
455266405
448570268
459421344838989405
1759444905994211548
1951285971596996748
2267111631759372148
431911324196951684
1243061091362907819
373509099747948164
137157097822419685
1819206912058482708
1302127704891340779
489687596
618945425695179412
432134767
121704885
99671173
588007026
330132955488057485
650478450838677245
2269102234244948628
265620620084168285
341578959
1367571723402024979
2117162569957941387
582899219576326205
201132359046621725
462788693
480050747
540362138
441038429
72429551
109366657
55875429
464739388
16264667
295118260
410553246
1447078079693014940
1991337509295547027
168258707
368561860822780604
176894140669220924
1495160435443435339
368671712211175404
1702085678481848580
199033080475634325
1447242189200762860
242609535654549844
431787868862757244
808877412545318892
1819885814796402468
306131595567438524
1768674816600401980
1946749329324597468
369162629993928564
361268592251523692
226625678
200182198828038365
2201557964817420028
1513912391794185780
1957870740561786540
548874430
1988026897876184707
1667820498729014027
2073541017953640548
750182330330182092
1046409704558459419
647901958539208925
457575495783982725
1703298787015875300
489266207192235692
689084393187149564
2139192368702865228
1431817780739266859
1734097506854125587
810721631562064412
537188307
2055714963022983307
362293746419208372
90995346
139454991
460793459
73543800
483628222
216018395
371310439
680223265012805812
253857094
221935978
583375852
327118071394309965
1045983187534530259
496172041098983604
1383733413592894140
107007161
67905221
1174607074587944499
205985785
178582477
2204581851290452668
165685125
584023391
457641649
239438411446831604
237203310
146405249
1381614358955571300
454898010826839845
136410630507177885
585406430859004285
262637321678035125
575312806
2010214995419210468
26487701
90950993
43491877
165258994
223039135
260639894
132812671
140381171
19234512
187309574
123526589
391005148
809982789038375652
1447542172855490220
429935297
330785785098369165
136286016869013325
387536530
29867182
2077431463896628948
1047333397797140699
981850934830745779
440514081
1604262868712501867
387023907
1768922855395932740
624795368990296404
371480637
1451055819778508620
1110966746620405459
1512320955113052580
554475159574187892
1883395138604024108
1863963300480565027
1381661953674106740
1702503907853077060
2054336005406199587
2207178467903767268
1962187407200102900
83259203
532041980
262640796313893245
305458682659047364
1863259072473756267
545027255
372548859
465381739
1544007320759431707
152300732
1734845835604779187
141133184
177500825598040844
2115770324117823987
1431594789420268099
256286484
1862081785693830987
1959550963502581820
1702973151939983820
584517890693761325
1959306759904758460
444808435
31814841
1859833868865363747
582063739
757536632012867964
459197485641017325
1866533193018277467
146294826
1382895728106444940
1756224789610487948
1433109685540936459
1896131834108713260
1306591428906239619
2268094804312097268
1693710092768084188
303400778222168164
2202999809500602788
137557193
298938029
120108791
1830189437682861660
297615306
491044709
1988391930841673987
1830304850702428300
808905626435060412
808905691403948372
688334766633294124
515383892
176041462375655964
1882873283079200628
558695619
626326596062172844
503925038
2204624868488244828
436057755881559844
455890062693546125
564763053952456524
44733929
1689557464453705268
179264239020488924
581758999
938213235513147412
439884927
581121988
1238669680807106619
76132561
1051924478794762899
2054162776885465387
590767268
48467501
1606570889081622987
266904633044465445
2074114305033002628
2265551128143331308
490625335234097612
1540685179257786507
1959563751025899940
1048870726602270659
1947036581867921948
280255095
369307973034911484
371377290583148924
521901241
345570995
267479360400000965
115032116
47651503
85818119
140122796
7505173
144110664
1963438128395478780
2121704515474936467
941919948133855132
2271612508239290188
585068236
1387526161542666740
1307718065588971339
1640091572265461700
1430317656771471379
1305288506164807859
520316299618064805
433320814246385444
917932414163486459
1308442284420884539
652754705792027325
2010304055893454828
2120487709287866747
2080158704563212588
756289379131910084
923688471298406219
511184634
157571363
941237879342354492
2266489261657756188
125384127
79623914
168821777
1637707607496386260
1990787579753382427
308224356894295644
1693128325937675868
47235073
710314203022628805
1604289911958581347
518456525794065085
574561510
574302105
1766656395831306460
1819202764009300108
260565375
196897139
1883042118446665428
558247884
260199166
1046174626536807179
1945569254189130468
84443582
192830777
72551007
251842043
590247725
1881827047121686948
326863498
488291790951473212
1541067882828505267
809647925576732572
1797322820918571627
199965099533461245
745647673471865572
681711671163420212
32715201
248023211
341037124
1109854263074867099
61378827
1240250713819228059
473654940
877834273319432612
140291847024789765
1609114187531870507
1801219182849916787
374451258
1669945857482026867
986047499548949259
921682208217201019
681898514981117572
1576512653727918220
1990729927490920347
1369549699327949499
390666900638910005
429334647
2058522857161596827
1176204300662343699
1449219043683379660
623375598618037004
108047600
28555184
76029086
95346690
160241899
149532157
217048335
58460523
1302679222282680499
117268794
465078293
448652248
113150396
571967401
1540190954661367747
291734778
16439808
291810750
572919476
624018732574972604
192941651
4941345
325109295
1638220908025313660
97623061
457198096
811968497224445932
96882162
175810024
361990564541960532
243875520853244204
1432410881678305619
2142503476089274548
810145242359754612
2268231675464081828
540817984
556570393
90394736
752428231963695524
245078791468898604
459782692946131005
326154549
443209176
109542037
303286222
224631346
231643853
1836394588638791860
1497157202368829899
2268937750665904148
300838394
221725433
202731588419425925
454745065
223179174
1963973679571650820
1704438305523209980
1384530643030969020
94652259
1448198392640009900
2118524152120413787
2015599008401542868
518601289521588205
1832299787524577260
464699019
1512025097945405100
1701619108709735180
2138281803538157228
394484332345084165
923964150725888219
136471711573879525
489628517
983661970044876579
1821331100325879908
136601443522729765
92538178
137573264350009805
1820327554071134348
1368769084219791299
332783910707308925
1963754583713474340
809990529406287452
29764460
2268689543992619428
2013054854299190028
551900110984917732
1433435512575682259
1860424091797577587
302403270
499454164
518044028
264627882961864445
681860930970632892
243754039
281887832
523133346
1958055899146168740
217726813
650557371548637845
489554043
489134715
120778000
507217362
144205428
1883308769677754468
1368465707067710179
1606355940722250027
181585748136064764
750468935880753452
521709456812918565
1835396507951872220
2079398194521345948
406155254
236027327
330132051230808245
237889746
1383505617024153220
255904521
556059542313460412
1766487173024000780
118966273
810895180805477012
445671116
291465068
1112081211798148659
1987705232487293067
1893788475303167740
241957517164673684
459035304506168925
352267184
242134693734282964
260665749
17188319
7169182
44232768
14723298
317654346
939530179586609252
581126999
416977932
52872143
52871929
192308737
448163390
66535432
59606005
293690285
574558437
1671210872869368187
464009807
99732438
136801628513266045
2117693240378359827
499436101141571764
1606841974698242627
984337625859696899
574543930
570365201
47019536
1512526560742676380
518683544182913645
146666262
1177656880426075779
1927181330517598627
1833050349410887940
119457361
1707343388487321620
682518478157115932
527643107
578313524
1432505956777584819
43732872
582624656
569492952
1989489419167776827
1576538334996612700
152534715
689486237146486364
2055588559247331387
106588970
462250964
491947321
647961550430173125
1799555579504385827
534748326
1796338060206051707
428163316
136589122125666445
1110726822527048019
1384897879879198820
303920194212420364
587620991
583047937
1987657445352439627
1674106652056588947
516316399
325562231
496625334864042284
570933971
110850140
495822600277858124
579019823
1795962538377105907
2141934906052477428
716051192325904285
2142172142547549988
332203969012291325
2079823035564433108
746881478030733412
1886709443206749988
1796417503957188427
1671777700633551067
1542391119928066547
367510308675672844
571388332
560751051660929284
426190968429330652
139023793
369307373443979404
58899287
2268684183335087828
1541583945470681467
1960604059285207340
1821560983106491028
1702515184108247020
2140374187899260468
71778771
628403047478053364
1544802120230432587
530521791
1387280701581342900
570664157
1179454037968272099
1736713171255656947
555207417
587242552
919924581115914659
509344507
1639806075785635460
457261464
585837855998470525
454359500
715895968375077565
459098159202433165
918309594809272859
1817876488121642948
370574897454495404
167951244
2075182911774691108
166295602
1695835529158095628
1115698337037793499
501266659731052764
1930145548274987147
1738213254678991307
1668498453696421587
1372295105594808979
140324151590816245
1515003888208272100
1371241356931676099
493216571692163532
1386653408111441900
1114981543391017339
2206073108035718868
1384371893682370940
758035572465302244
2140038101553737828
309742403938576364
369619977442863044
