545376830
1052683784521902139
1580249406417561260
686342652483019092
941847659135312652
437591535291725564
1951703834838806708
501128949071529964
519361836
466717830
467283721
239758348071614644
1574116568705485540
313366199
1923773934796730867
2117010356751454307
1050418609916713299
878785836872016052
460601939292781285
1643653451386460860
1696282596640740068
204520083302139885
553148574488789612
394761569362253845
1605056256799388067
1305413752139971099
685132122649219132
244128628993542444
1819436698499924668
481276522
651357502397856525
132556553
650969940373162125
50447701
375556946
621788681215025332
493907792988188932
1543708988639592027
1114595720919521779
429898427057795412
1243868673011947619
813194454716833892
542074459
266314908085582325
200214879551023685
2207320543171597068
1704067480091413060
692908772776229244
437280914064615244
813718179645632212
4856178
1515087624526571460
1545374388147827387
137489679970658805
651942869333223885
628146466520336044
2075186178814251028
460167386970548285
204637453837031685
923634221652818179
629414572301605244
986424481693522219
1929663779782402227
1695086944063458868
459912878861727645
749291377144655412
179688346482940004
1887222803425497388
1801011540536598747
2118447912672350547
1498867417969859179
1609492071916475147
1051712109928294059
136100592385665325
685166837812191652
1823406162801779108
373437637231704244
651399419575834285
877538279408689772
136681748825176285
180653171033524284
2268507827911733948
1241917260302531219
1959889692496373300
1114548084209551099
1835310486961878620
564901227686262764
1672866909639139707
2073760859120447028
209286691
1051281257830963379
649616289579178405
1431510937020222219
877632017264095652
457469472304932765
1434856550312601299
1049392909485148059
1672871717073378987
716115386186164365
1694931598387785348
568569288
1545488075223522907
1052227364277319259
396774550163298565
1993393642884599907
430093138763026812
1929925112585454107
685647237920776412
558419624016064932
1179941720527267619
309508545272920484
2207424989643133428
1115616977801758339
923483471991981939
586314940040648285
1823255892326678388
1672472523758952987
813458055747203812
1386734924811315420
812836457896394692
1801054305235652627
1863407296271618067
2117001518803304027
2014759650145660468
429332840511659572
683396424914604772
620788381849751212
1445749461847009420
986871766423972339
1541226200575458867
1822521271380942428
394857350279522525
2055805025660940027
1692601962034946508
1885453520054059348
1607060154544631787
425378913
1368617688118569739
687745794236771084
263972616632490685
2265666112177430948
2052617087626334827
1671680505544962547
2013765299507703548
715953319801288845
518527453975128605
1831377452479620740
652018356275615285
1545010331147256067
557103719931154052
1451073665532180380
180468517478119324
628729028542490884
144454694
2080273102130474908
1760407387750903508
154445181
1802024453144997627
427705526186648132
583554027
357417624
1605681403254837347
1691505890666816148
1367130356801874139
809901192262766572
494853286125922404
574603862
1818312420755488508
1607217567997268067
572071259
138827173
202301607
175986649108854924
488470985968668892
1958043616544388780
582598421524792925
576373111
187860042
680266694107164772
1859941986510697227
1605422491379970587
1755395044601806868
262393473179919965
1305115557509273459
1946059442638573868
1881940928043716788
137151757
1703080723184158740
1992764446252741347
112743091
98830805
1898359380732405660
587744728248203525
1895436976345549140
584973250787968685
240896873940731844
1671436016402403147
553381330058780532
1882924956890676788
554834043410215532
548371585
1895778101304821460
527094652
1669601787719118507
81522666
533562877
470844468
1896544157261486260
472772184
495907018
50975730
383794627
80450682
584587328
472768674
1893597652428052380
1765796189421700860
1603947724672647587
1446109802195343420
1957850934497617500
252531147
1731877082196041347
1957852165223086260
1174628618504980779
575920945
459086498
1831957583932447420
1577030807540111700
427340189861404652
1990490589485335267
424462009772327332
184982619
191286014
128719148
466161540
1540228126987153707
580693859
450521469
529676212
452847977
154188614
872162409610064372
1993648815905005547
574535940
1947742074786419028
582867658
1958908312557332060
2140632994092065108
1859827115517678187
586500768
360284406474002172
1834434497615554100
557482013276393532
918877537103738659
1433969698968647299
1864727914407579947
2270360571337883348
690223697234601884
1672316649980797267
1703227194203289300
986322447404513379
1241190699666135779
1694715984269898348
583144326
430221647760269292
751523871708166004
557248726723510852
621031318757937932
569057105
426830168275731052
649469266460903005
564515220969581044
167002829
585268339607312805
1451519694436238940
810114072876306572
163761786
211109086
2137616826469101308
918159204586547219
1445804691718994700
1894920520692992460
2266319347830939668
167047574
2138639336133377628
132067702
299677967
1579632334955366860
572523253
2116568931240808547
552637252580728452
117833436
192825495
585087393
119571945
302635296
2052519997162467827
556268814
2456908
2012590835307531948
167046999
499163063414729364
584367693
937092999933469372
917912354426583579
403692016
228825433
921907915242116979
523015981
223067726
1046979556835707059
712321102107019405
1046031600957307499
369862799508650724
1799134792401932027
277631089
581407342
559034861
477450517
250185321
177196391359146644
134123058805089885
536000453
453922621
573839849
320538110
488603081
113211242
189752835
875991429321551652
354297427
478220368
75322231
126036445
124876695
18281688
191645993
577020801
1113256560323245819
1112822579074816379
1383030010515117860
745108424104374772
222372653
43297457
449978781
1303706420222187139
316184228
151751910
477863866
148203896
437140421
583207730203899445
134576126611237445
115366730
439467717
682595236601208812
1756581059194994748
154026413
455572458300442605
442659961
1048835139100949019
481419681
557377309
2075569506168865508
1765817926752778540
919884625173903419
264486012663486405
587160306
586575499
360148404309409972
587732380
2265771101953630548
1512983176582810340
1693950605181227668
371500089216600164
875579704724508412
2013438124601376828
2267668062315266388
330328648797865845
586382388833245365
84531863
1800143791477772987
1451946523713526420
1771437423890074020
139785116564036045
488409709127033052
1860804027259179587
352388713
520655011
581634471
1495180896913704899
1882603802434490708
287007465
1754841353726885588
1381202377131202860
151369604
1882535419978395868
71669389
31336378
34832504
441744938
1542168729208271387
433170977803598324
127002506
626314644087691244
33316950
489774568
409796202
687573789402138524
1640371420890593500
165178306
586632227720608285
91778899
499778605
1432255387602626299
340640724
2206176463356019228
1605190498528247907
432913288641931844
454634125263878205
921480227108874179
1543534080122216467
646964244314015525
1797358161288082147
584323561145841765
2076352200559608308
77648034
918954713553131419
123464605
123005234
272937665
2140348899101277868
363606799390093052
248731044
511985173
502854498
356884811
753987168318552604
583305575631366485
73606095
43957017
918970790986803539
555407091672912572
582746904633636765
1860027334991392747
367193693
1701925984381082060
517461966
345688316
227856785
259345461
284435091
232550288
58538233
556716305657823612
583764808569226805
564620484082776244
1822857530420645588
35436974
556499786
514193
1637392162361517980
567247504
553896654
2116072223276003827
520414902521801365
1540425304516969027
1573783136189675580
2009689878271295708
205955656
226811759
432568701080438844
1898034297302231100
535516482
1305954719268894659
1897252016003573380
1766698941499033740
1765658522929120940
809171489953042292
98141246
688718318989338364
512027976
530512333
1175776974896036259
357668353
561972512
583084680096303845
1239797160821094899
1112047934573045459
1947895027831246708
192344098
448964303
1431004252112906259
752497196593239884
336504128
314828897
434551725331462884
342349671
352222961
274825034
155153765
493451653
512735138
173489036
275010718
253280470
247503492
296677300
1960374216700549580
1863306741963194867
1512432449133250260
65093992
2116217532992441907
209725068
1383153788922828580
175843246195841604
394722441961867965
1797376102555414467
1860813382864888347
1304060566600489099
176300748826507044
919035369028188899
178191269780834044
554268159352921932
199355305450686245
2120010938675129907
1691891350319014508
590024395
682702598810222772
434019290
1238753841864981259
1365894724321003939
512731266
302156966
205930656
171843848
936133096500867132
262967213991614045
573488967
582739637
553953700001697972
1047771083215534179
568446695
918998456215972619
367933943460194204
327009152160201245
330352140730251445
589430974
321409561
1577494721018152700
1735581995349066147
1735517800926076827
370515517259967204
174917548883094044
1690460981778300788
744373992424169932
1046353617412823099
1173837070920038299
1445961824574781660
918268686046382219
648498945652516725
202980781320239765
59247451
872196745590607692
460462600168269445
1801091565507944467
264741232
499077639
360634799464353372
363201400157273892
1769762879230944940
748046940706947652
305863973979367084
149706140
1514907959605667580
876677177256537692
1173950049585940499
1574087010840873700
1731791252936266107
743991252156015052
206700200
360425492815859652
1818063661445563148
616527038225949292
1797839192282104147
1795978812647129467
2015434410194281068
1861810487040217267
1991386841540887107
492033777423225212
2139578107460128508
1734498296312250107
1768473492083312620
1896729378987694420
746821169199439572
1926624315664110107
1174234916224031099
150701391
372900991
1639019454793820700
616358616288735252
267762716251961685
746444820373246412
1643379754551367740
544810945
571315730
2204003018414542628
627408830311594124
1691424039560573428
1923903714609123147
364539466318651052
188016881
1949517603706871988
524343027857906165
1542348518151118387
423976982240244052
327842493305166165
1820576249531117468
203357518
1691523811072954788
442089489
242501111201265604
872568201965474452
811715784270753812
1175771918178907859
1177869732872795739
490809858102546732
514754985
1304823587340196219
305470705844046124
370606731733837684
1114935856203622339
312732291
1835219201491343620
1542189606499299347
80027985
375752643
272429907
580970131
388172824
242527461
97764278
1689999205381275268
682092552829018692
586848720
1638434787385517980
306616853
1242119018348718379
50231439
518973786985866965
1385677632242390580
570151218
418854867
646387564312644285
489298586603159492
370510615452022404
588781283
1606209215918542947
625395393777220164
1960072885472204540
1542113089480921267
496570346
181736153814821324
476479417
1959179406397982460
1992369568452948467
1495396947118725699
1509880556353955740
385720978
1992544766713540667
1989878417117257827
873270877722837532
1510625222287964660
981925852654581579
1734311837836361867
37587442
215241907
157079548
134639638
239566689770604644
497402119
328821909
130953506
93188479
59311705
122231298
103106346
17506974
374119987
45114318
150041059
616360584681419052
536241918
225524386
161805939
540877983
623471162916768244
1707591022515231420
224263721
6090592
504059619
507813680
751914153442945164
416688449
88071301
25118099
519680725145626285
1047623772056749859
753583829246183484
127736179
95377260
145910277
128815932
1384728716741253140
1988025975266787227
629090357851839124
652700642014849365
437913524466591284
1738408643140682387
1735452745232212147
940546559517314732
427377315683459652
757445025630541524
1864761283005677387
811391698282648092
2120194681742185027
393208561467213965
266897568869525045
2204744348129456148
2055358900636090267
458878809036437925
1384523039170877940
1450213061467822540
1113091336998288019
559371855107036844
305793474733594364
426984095
564226068353665564
1822543557927743508
244471170910050764
1949100470550601748
1545311585989563147
649796821616175805
1243201313958369739
1608711244984311587
684120575021986172
306592789
362997924317335572
1881931367516376988
487816501
1817350972795158668
302447699
1543852819820023667
1512084259526953220
648731121847384765
306930380852086804
618573008855130212
1240147565185771059
1512530088347822780
1960404689068697660
986159512356873819
498291294954113124
556279898589110292
579850165
557491697
305477846834857644
1925844895763898107
561604885819295684
682482016500989532
326649525822162605
1923284298619854667
425700872116969452
143654821
360284361995825852
684462929798930412
747753809920274212
875097225728745972
757661390171817644
1450808086331504620
940326520504553292
328164894319601365
983484536412703379
334672863
648103829970479405
1366814394755902219
1668483270813134587
134912043004729365
117242351
1370036476687289099
1509627041700403180
424055876002025172
711541958764038365
2116514308622368707
1302989892304763379
328656545959081725
984418357847091819
172657674
586779179
578880107
502590518
1306662515919104579
987400929904241339
2074237039328145548
1672264782914306787
1368837442105866219
1113105246800763299
1638605637333269140
95825048
1543170769189921027
56436446
938619799005478732
585462884
1691702462525534428
937814321030930332
493212778907820492
1307006050053253859
1242773707701504339
553301393555116812
1818820103607205428
456730843886720725
627510827571452324
1669188308478190227
1047745620592323259
2205535735959892708
243706487386589764
586234618
1768338988163922220
1238282968604293579
370621082
558760396
154326482
1544519362825432667
396862625819981565
10000774
1387959261389588420
1387505780168959700
492199062081871812
1896523535953070180
294679146
650308881914907245
471700466
177236175246854164
1573734454628894620
476696738
811698774680851172
511491053
2201546458377167308
1899891715503216260
617452792162496212
1500435419129436299
1928791823414714067
70411688
988819097478482099
426841820049497652
523679118
747434101477978532
1369349439526369739
2265847961543938228
649336036034156725
65658616
168916547
547892409
105087191
393195882047330965
2267727885194252988
82304790
1048818385496750299
113817634
66254463
2013993870294703788
752690884551071804
2075522837159558828
921781331110061899
1544811667923243467
2121572792045477907
1512289008693176060
1573932874615470420
303460326382598124
583756525471176405
267100110398203685
200680999380998165
1706135363578726860
2014029712638230828
1511962456135199300
264693245669628605
220442237
275145431
181046399
307504750
232785634
294578266
582571419
1860948614576693347
1701934906342267020
396225512268356205
1819010807851286988
983316936322242939
1669331458684899507
1691203849106403428
490401133929439892
203017621142821285
1818764674653381348
2077286286450107108
217134835
2120996255131251147
1796616324775211387
714822359075580445
1895802672835942140
810887915645283892
649036809903213165
745862973800825332
938760312138268972
712595770928440965
290664510
553144497
201170311258650765
263472986620565045
1177033895628974259
1606834335048450107
457205147155851445
337641410
148219423
539463280
200742762616223725
1829809063379077540
936738540725071892
554304511
264765583799998565
1368504413450742299
1770921589168711940
461070468
1771838710826076300
1609986327272583027
693616935943051244
1545812154816503827
877743715866529492
622186534446599812
265540114645673965
648008385418902165
1704907290726021660
554071746849309172
241357564288087644
1689976221266669508
490855777651536212
813083717933146892
490972769003774172
50890835
1771614962428795260
1579674126080440820
183740667
1542043069351251507
335334998
1924082954680803827
359483102
545046804
590431098
217475130
326561463
159166625
185922610
192080286
330404118
158163720
376286619
1046189230686218939
584344921
1383375374830541100
2011530453110427468
1638609147485194620
65046321
1045950122922527419
215147130
18738537
209290075
920077251016878579
711672137812322805
1769111727146178780
1895837740436654420
875952096762007212
626698704395987724
1702103723950950420
490877965440786732
542589156
1768139991924377620
713149781382581005
266586076003231405
1766909590784911060
1928388555975569707
305801296260286844
1823770969163972708
2117540774360137427
626659328381445804
919720894622812659
2053735174671925667
115824172
1707889728508406060
294527745
1386420173832305420
489183654549615132
1306662640327158459
521555769306999365
199626573
207172143
1946123315738759548
453927681621100125
285758456
458810448
1174161286729266979
1545214776783494827
200354418643217165
685223330030190332
351167907
920643000829941699
578907339
579361301
1367034912506173459
311869678
562905901
562907640
562906048
360007092908961612
1692734229998583748
584681971871873245
2052739804960248467
584281823
181125169
273393293
1946538411268640868
474234892
1832815553294817940
981631110500014499
872596490524455212
90937648
231639431
1731896820006822307
293053268
501692589225907924
1242367117630433299
748861927481659412
942183260492213892
248597518
249467767
259349445
242978461
260711448
2116199868320534547
154191343
751971462551456324
1513212412053739700
427686920090324972
2141915014557524308
1948171967398781148
1991559948749775627
571011027
1770116439991327220
486306277
712654350172964565
452563737
1432636172193904339
811021139631563492
564702794903743124
1798532742594142067
589380254
241777415410222844
375688337
1798746132770808427
624395659117000884
327781649
63703053
189836587
1112197088698296219
1642213084173998540
1176707848933898139
1606659786504757987
433588824727415244
1112468403438746379
1735122097383621387
363316398531080372
749046755432292812
1797189044703838347
1435871175177779819
1736451782430917267
1306665488460359459
1757303199918359268
202074806119778005
265985910826707565
307613541169875644
1111673892571187699
1801738029331714267
1946142451194052388
1990559696365026907
1302590510293412379
615992177125077412
182702161
745459131915804892
307262493112654564
2116662126599344547
540725069
176906125382703084
152033416
149030976
370127842
1510060414855321580
146330650
101616667
544269759
179612032
529907959
538181193
1926987707721862907
409774414
1607895612861902787
140820230
136412492298635685
541730604
2141503807735942908
986130088842843979
1926003618146296107
2013236056154431908
1862767988853239627
426703228025249732
1924397521864450507
2077108325640676108
1494162781484471899
263733283236645045
624335438440761164
918075848748984139
582554456448599925
809331703719739092
875139929475059372
1384868929292113740
452684562
139525623
263668767493290285
183863304
578276062
578161687
329218340068009925
1576698733201889420
1670078418014425387
2074374633143492548
1883530187482226308
135847818229622405
1947564058486121028
583659206258018765
261911504
223017780
219842217
428960794
200518263
258464478
193991309
2010082880797872388
1801939381342752387
693108541489690164
1769336513521941060
1860555206628323947
1540807988040430187
367889198513076244
135974660408797725
1497678395877815859
243174472350603444
1605948642258567787
1754297029407448828
372789717213292324
574750505
332393993
1865029102108970627
180525988802054084
394116409054869765
2268565973640962428
519959631060712165
475964148
479354096
479946079
584208646333609685
481729056
1819542804102053508
1113905928070235699
1755646492212154828
51715227
37916091
153775681
323999386
491499511
529193823
54435332
495974063316343244
1111077183196333939
747423681668554372
530733621
1303692366330787419
2052059630969520387
582599614
983668270066964059
1691066797575672588
430220069707006692
873424938835054572
555665455429967892
501206393490745044
649240227092527845
491303115210883692
1925663378980487227
501855257
559790371436284644
1384492194815948780
938616930829136572
241733058
572702947
569031918
1446764606981314380
1829816094981949260
111569867
497845233
1690506651305607268
174490345
1894964643039098660
210249444
50917861
181361553
567794301
2269966675507088948
2052920405982466187
755008256316114684
1862698195699887867
984713959713883899
1177284905331947739
1048864016150600019
362078264517005852
1771786153792174380
1603748724928114347
1668421880910184067
1860910611861925907
581682728
242727480
172414475
373415651423176884
540963726
134426213703543165
289528882
1835601202394941500
1180434878850836419
646525757657381165
1704131673351957260
528640905
1988106269209345907
936202432380936172
1046905928401008579
1609087169344237187
561991660188104804
1759721448782799108
182353228901280404
279351283
355694151
434389408788568604
399550284
936133071108062932
177628124
175703895733520484
619453957743931492
338940566
353144236
630102028702152564
1673146102734921427
494179523702915332
289476293
130420535
90690425
294336161
271052058
60520207
419274252
74315661
432444471856318644
367240473864997284
392607017
1046930288261540019
1862459328360050547
1303535349020990059
1369939880808457979
712486297800259765
1449885346986833740
490318544
2141770853765399028
984627071129323379
1381705284175022460
99663367
552728802911444732
265213030766597805
1496314495482808619
129531210
2205743361649308388
1689872854983917668
172900318
364015197284339772
309636579
83778333
586600473
687465645618817724
243591864880564324
306957634
150931667
918344026121246339
460496136
245767458
418122995
82560287
457367584484522565
1445930950557399460
37635889
1830838288309524860
577456441
69157806
543922792
587501583
1573601697057413660
487866807153835932
1574128899081328540
550414801
543524695
314576453
151995392
216878379
457038575
179717473
275122697
86025442
1958273961388206100
454523715126912765
2010167479553302668
57793367
147829855
368772558
1111668681989253819
144608685
1383378557419857860
125202038
215118739
266425657564227565
109041824
578478059
55491209
744316168345035292
136931541
495601588
542741319
1051689773308774179
97546694
813646055495605812
1821474517017386948
1888461049273745988
1824394881881674068
1769940038584023020
589141076
323551292
137160540612286165
2051770928988029427
498110401570330284
225032234
1989943490813554667
1431232381853152939
1368790709831198859
574567460
584357199
196570830
14939305
94196635
40119942
328846231
42748947
192236074
486626554
92342825
306123031162189884
457666202
568746469
937510977455829012
1799256658031055547
312764528
1820110510457745988
233864762
310388342
744505141197914492
307432618933275324
1609888868337614627
938693506690137932
1541167997451275907
185347975
301785186
1951326412427522268
757667686605809844
1899714254433393180
588371110926055565
1899818769307597060
712234571147310685
1963557165725051580
329473029729040245
624621534586620004
359570476
1383544443759134900
1692577992222712308
1796989119061516187
583710811
1302230795750328499
232243457
182951582
138382663
188256204
138324841
808110344239992412
747983426084995172
552195956390469292
508920757
872031181226913692
396514249
1382523914221496740
1734872230051729587
716854971598219525
942792695659507452
2204476020157001468
1993200653989634347
435516886
138511781
506204832
1831119957340641020
552484773
1576548577645721460
1112224349034383739
2054017127153431307
537386871
410577854
438253226
1691491957384266148
362111278017523652
58293556
1733134638480006827
1692032035748713108
1895939768348456620
2076501882185944828
2054632157942284667
744565274342531612
1927233847690948907
1863550371576332107
1818181516482511348
1989032990127854147
454557256574613925
86824232
16732691
135145282597607565
1799556360924828267
425755608022413812
617014486637637732
562387778655790724
530912598
1732810372040286427
1693845463706963868
307043743
240890886486452924
1832121548786473620
687734519832848884
369112825909664004
309438941169404404
939616542204281012
1368032692875131219
1511495493236827900
161793474
2074899038343160548
1821863827505594228
243156258191611924
1385169399315036460
202001296
2117471654418812907
226022621
491123495
210906118
541933795
251664172
24245766
383355321
48277362
529764052
349174065
378063529
265476865
254524063
1370190193692784979
373489046
130223929
376121488
1830003558618757020
161436043
1367197084499486859
183820331
1367111336263546579
391918368340240965
1639123705914193740
1449790172954962260
499313523
1241427388627363899
1575931941719397980
2053374386634580187
937268037847621452
240981990776141964
2119440204982264067
201388999653628525
575407235
1884078158751859028
457292686
375640252
2054355051251233387
1046103482918533419
1498492364074096699
1048741340574648539
436341931819628884
1690543388772241148
436697317
1604140655624245587
362829535771123972
384813121
1860615709061562107
1990792126735885027
303724122569344644
25248571
115984041
807418634873782252
25227425
209158175
162518285
375090865
464503593
567720369
197330839
141161913
1607534542236684267
1366662646976318019
521276945420990485
921919294042921259
1576007281795061460
939031249648115972
2118706202884312747
522183239455628045
811096767371457052
920413119227750699
273854526
1495860061184788779
370135049
1174451119577508019
1731661723336409787
166476442
388289048
1113014453873591899
1385489365171947940
1638560239945820100
580745331
1767404056583854020
921973654264780899
173544078
1896277244044585300
1797850603012948227
90461014
128479559
2138489436116164988
144794210
8587372
329079054
61289500
173868107
196609873
114986695
16370185
279519789
103905952
1432659889306080899
2115605110117348107
555042100333514372
1989604890819064387
378169107
918241672050493179
158835042
339991467
1894008520217814740
2139751510650605948
1494175503201106699
1924070717748399747
2011079284134863628
187698807
1947734386212651068
371660100
2075838732482040068
1574803071761520780
352786927
390992872728090205
313727053
584365300
360550222555266892
1945555962702287588
177252059756980684
84442140
419202465
175220082
234773793
276848950
222438306
202111621
424575762
198804389139564125
1766214222869472900
236030745
362512935547174532
1796845740966739667
497287383731963444
145808590
177705015
266027808506722005
1990217664483238107
2272270945583382308
541187197
81735941
59153611
2205912638776558228
28573327
1959589928082094060
131775519
119280706
246405299
623177393695299204
201978686
209708128
89269418
32251111
31542066
153478265
93016434
47680444
84207364
38889304
391980108073314565
810594622920896972
1368489067475241499
2138703639727853428
1703026750515250940
1177235010305567099
51095476
506200000
571866717
682947180947320452
386196402
568464694
2073873560948830868
1670556548115591507
301988944
744248077463007212
616744997958848412
239109553866020844
1948427532206809868
180919803
1541250533826408547
499293832175806204
1925806632780095387
27291419
451440241
434230523
304620199113283124
559486178
302708069
172505869
548898946
918296602155755579
203777592
578267939
140640688
1947153345140809828
432977616547129484
981824288745174859
139856594
1962052900283360860
450462836
505027171
362544067
366274741
418847742
352394582
465447061
459156964
1367065845386864339
371759934874977844
2141915577763299428
1990101879170347507
1766116161807144620
680216163032297292
454681152577111885
689023528736447164
387798943
1176229459034777939
1884239146310483868
94846811
1240731541932861979
489881018
560059585
362162332583677732
1046731489265264339
574429036
810117265721966612
1494010844471716019
586519939
1703529366933371340
123748344
44238175
1735345331073221147
1961453310541137900
2119604199951433987
2077546194007708028
330466164062235405
1753731043552267868
516649233
74863438
1882195713879380628
239585348693858164
180275952
193993543
179338020
575726737
292800472
436441573
504046886
444597093
167506620
373353713
9164336
74897396
40581694
153712684
128859482
106196134
1701844653318277820
550329664
458021145
236558880
1111631924738119219
2051910494703935707
1754248727738319068
138811857219774845
1496747451491297099
149735788
182614499
333698470
1863432989222003267
564035107
1885993400587850508
531481817
395690511
352026801
513278484
176311815
414889330
248839291
501316041751906444
1894418152817284700
138886681
628148428359931644
122515573
1732196484573668067
393172381249398365
38682033
1639659897948293500
875898771572436892
305874612764453004
619280433602916772
1241461783768381339
713087787094881965
682391600578178892
713863255975799245
568867817
134587452575361525
1946714144801538428
1735284785349050787
554594915415130092
1768293952257996580
1692977585107079468
2204300235191349028
1735453413865505147
1948147956830077188
1577202472236411060
521162019560576605
201871372
106441237
1689999912106652188
261921980
315659838
302827178
1704265641043466140
391016113913636845
757055661482031764
164611475
573460454
433681358780831444
681687206443610412
941940667272692412
1116068181049641499
618819688090386212
1928962357703508467
714977338060785405
1830400427376875860
1946558323719754348
1923698163040309867
1950458054921597588
1240434723612109499
1894213707163208340
146208714
384555759
144648106
1046297662306498419
155625238
80220402
138282970
216174975
244359825
150159499
145732266
187273041
166243004
1692158656909345308
1946952668399116108
1638128927621908900
2054437111129674307
137977171259398805
304999486
280236294
432594956878423684
552209998059548892
1961783147139860740
938584118542816012
1988420154388799067
1433517599499295139
582598794734066325
139412018634307445
120295225
413811180
13199713
567651144
523253291
1766867843003013100
574468617
873475127998431452
2120947007011340267
198542487068739325
1112228795718892019
1946065315252727988
360468937060257812
327733827062134605
329249959
329217105
424551982575235772
326581766
1305375980657694419
135389390925523045
544226571
2266441477414412388
1383459252515890780
713279404527970645
462459024
168377340
2052141656396709787
199718546
437558993
424193759507627932
88444132
148540962
374042177
465825313
1988482582550889227
113304331
349041326
42927229
290396813
811451426134700292
302990227
555850809
189250000
164575377
427822015
368576942215460844
1702479638009518540
1733258904217510267
553068920323715532
1799635701976362587
1820565675351748148
534372364
650773045771986925
482616066
584979338
1924004991074070707
91900732
432600450948204084
875225740145447252
312924288
1702103156713748220
296800964
515189585
427395668
986042000478730659
1433716161222523219
142144058
564159888
1669514768017645827
1829624894483179460
1755251494076592348
1047880880347432579
1574361178451630380
1433270897823897899
1991211089052581707
2076377227712155468
1449042906303272860
1432596211674921299
1048923080995460819
585929716261115605
1448037202959595140
809792827075161892
876240419727020452
1447676862304778100
373655753
554288980125642292
1884526784648982268
1046103252882319059
443633700
2205225741955595868
328643139077351325
557339024
318762938
317934488
152744762
195648314
133310398
50338664
84833149
1641720600676936020
202465498746169885
263809636078598605
521231514
201597350927878725
1450212998042019700
260130657
258525109
577080083
235845692
260588102
258576990
239871717
329764173
714343052466919405
138541501
200038679
170477524
366683046
51159719
1049277716897659219
18247518
115680896
2116117346391790027
37110478
201905490
19017945
106002953
96008951
158167468
181477918
83075224
83277947
263429176755123805
444338781
360707624647893732
193573047
105739921
321437117
7941470
279932072
1860733452615364507
1817578891311567548
746324185655037772
1113827349542225699
434394739692878564
392049122450602125
425886653803037052
1302461896876186179
748164941110505652
223385272
331347065
306358641157043884
306781449
390106434
520320854755109645
266309088867662085
182424135
144772867
149526299
142062544
102461271
587974099
448543261
135416699393993485
1767580203755468780
1883917390899396708
1431711154653562979
556498967328898612
48050314
1382207357707581420
347935032
369588550310201324
503455694
309161884955736324
1643304552180992580
1800747101774614507
558853311292772172
178492308
95710872
313451619
314417537
235461710
92777130
2076377966816760588
426205071616560812
275285081
496512635127445644
920363259843245779
1385805505553213420
151348063
310055682
496722189293451164
570526663
561167064923469524
548084488
428489234
2270429182680813668
429658219285840572
200949798989195365
1835033000120678220
922433714813962139
1702436185395025660
1302272825707898859
683232702648348932
371779035288049364
2052197738653586027
110326351
240664200
1671901857195429987
242310127468447844
156610365
144258012
341851359
281176399
550032804
363828438683288052
1577342148984903420
2266434895870803908
1896223435731711980
563532256
1606310289959599867
137292470407625245
82185368
1988624174637354867
471543601
369849613206657244
433351264
368607634
370322850300238244
681993975485407532
1960388992201840620
689587902815484084
2205640987221966908
1578328957757777540
327821088290413005
199495332303816645
63466802
349175993
324020217
259798320
192451433
170760831
59711939
168867067
68432824
1945903837557587908
67004240
589750704
1109978818446981819
254621181
82889724
117330950
584081207434102965
584591778917300325
712825179018942085
586430261
498634746110633564
360006029621604412
2117091225855316587
1831132758436566700
550463349
582772286738253645
546432145
368309737
165956847
333315033
395124276
119672856
1446156176601713340
680272983192174972
54620636
142048198
562291333
745072272784576852
348242740
690654344334403964
458219395990923605
811866006652179052
1991641697056595707
138677849553966965
583195563311213165
574845422
1574589253265745660
508755385
1671490457539924587
1239941713877083779
176059463939427004
545225655
431729327535703884
582795082
1367170922668124579
456645607
690013462606669844
2204189255142145948
306869398272190124
1899442558736620300
1608923160750071427
941150231904039612
140184049
1111555903653037739
246232595292883484
491291125
89616387
580360942
519543809
148904588
102265965
1430423003516078219
471154746
124060608
326399225374029685
72957940
102227362
1702810067051305620
1754372415239446748
195789976
1795987145467220547
243856202290161404
1735739825077915307
651258349768321365
921544483474156299
1302419282324736419
1703506844294707220
432454945462544764
563339630
552680350
319187454
624791651072334484
1574604938079795420
496841446
374357958
1639635160511170980
1575076894719395740
2202558529796661708
681791523544133172
2116934913358450747
1431185332877977219
1239818880800941979
1896983480784578900
116147150
536606751
303078401
442417607
552014283
1818631409642242228
682324435468828972
1541553330767433627
1895503838550354140
2117441691210846467
1991266591648740067
136940119345793565
2139440373775986468
1733791618745705067
305912803075016364
2054032368313376667
712297518994643125
1304389675234826539
2075402197485007468
511769282
625033202781907724
239571428240553804
1896494166516521540
533523932
349322770
327238164
559767528
2014475159232975028
1304354768107570779
364864703517008492
324843576
514835760
502593496
432842326541666204
1734407475585752947
1431310630187264219
101569886
1046452963445237979
2201921715834135028
370769482
239050003
109940504
236772945
535952000
526913580
562188921811872324
579218497
1116807130777282819
1638990773792266100
1734872229530697827
367835929179613804
134534182172227325
1799364264256115467
1671046515583213547
264981309347068405
1691830335541014548
1831350545987717660
1704906573392456060
457109535487494645
525282659
157695005
393313373305166525
581982826
271713854
625320257803904924
166681912
650005818488776965
2202093909134614388
2202156573990494868
391062683
1945892556505715188
328978707436734845
809829778061115492
1988999380089908987
444369599
423898422249603772
28709214
177878290
177879271
583182909
492466418
2139131037250040148
276353326
618087941085376652
1883862444009545388
251419871
455017361439585845
1945789482326684028
208055311
142699699
138506855
1576354375551682380
618981344685945132
713241365565446405
587249919697946445
532971671
391192795096561365
873751676252311292
1607684792078983867
1449661712516352340
2116458639927942987
1896676867359589940
1957942163420887420
177619396846106524
428309015035256652
428309014579330932
1821407048092704348
921027180983552299
1577500760124426300
127624419
1959593940359342540
1734642640896032747
1990653091973889667
1574612926765005220
1829868957877299220
134290698
1859686087528869907
135526836276926405
579901405
424826115679055852
480477759
176464574076709484
517832248
386588464
292146026
65543715
31050261
112425802
115484732
63599039
16390025
1383337240335226900
873963326961303252
367157309
69413335
921266253161175659
358441198
1669346942202953747
625645445669259924
942854081077461572
938729453545460252
546541874
1388581625533327580
588991701305923845
1179825588011816619
134840173750032605
484696920
1452513038671759820
2076514645625581188
304755960
469117404
431931421
746361624304197292
918162324851661179
1239993920240588819
239564723089025724
921584124160460779
1990758360607530707
136169587990943805
423266152
1960706116425554020
138344484066208525
365110968
563682464
1895710075063163300
1110173766780815779
426637006716055812
1242021318518098339
919725468953466419
393531610010998925
939883902999294532
193990456
752807016628393524
589364656091899605
524198019246843765
2122142148257128627
448179856
351965785
241706352
456174312227601045
74732434
919168744640768179
373041614905043044
1992960880615170027
811524312291356332
561766652
242903823013054564
982793372004485419
136504821
1449079845155010140
1239913910750259779
1640918373365217980
556279504691719852
1512090329537997420
218246491
182073176
134628665
425692670861319892
153042845
109947652
1691537540385231628
425535825142178212
587041381132150365
422698140
522234275043887645
1926438646069547267
293945496
523026313
134340567
174970047
556217393395617652
400583645
1797011357788602987
417686229
390540252542715925
2138181152967364788
1176479962912041699
513894453
497339873
125947621
460505064
1948327760100282628
2204285088039087708
35163757
35162437
745645446839221852
1897427936735856260
508468631
1302504958993213859
1797710428655526547
175512533
1757516971682336508
491162203393790652
1607966643196961147
1307535156360510219
1243718121685964739
1834817822229166380
180509139254421644
1769772454382582140
1673028707722928907
2269083791422190068
323268188
308271244
1830556181490186700
458697706727737525
310238680
84959572
443140670
42101753
95642482
233559173
878668242702631612
2121835545408052867
239911014562432964
499633244836092084
434338841
575293304
136832806214067885
2118219812951584827
561470873817523844
1239728962185963499
456630686546110245
307544655
104672875
176568849874623164
652910467749853045
155174517
693834680839891244
1798863516917629227
563262148473514524
497944017770379244
171921768
810922983739769452
428000913396457612
811088257656267252
1513647533635041540
145371460
1860839455617671507
1239058498306058979
304752686000441684
383138985
456218906849818525
221119871
305732089020176564
306003706345006884
1577988014534809940
618175969397604932
1756694315024417428
1674217106135277667
494548813834821372
454758246631962405
1820088531279004388
134338597
87289553
569871906
2268918589012226028
561696076420307324
264829957724903685
2201966195082129068
562141755869640484
2076809534321368748
1542637990939763027
712967478717794005
241957004402059284
329498741717448565
1432226540849407859
1384161012305131220
1608494986435924747
1113141435848898539
689763144258648804
308535768562325964
2115985491644284587
1174076726511258259
1238103127965809339
232871194
2009793116090421948
1833355958490757580
874942436762099452
1433150212537047459
1385977810319370020
137304168442026165
1111410720762215179
489929161
455714782254250165
1960672880884889300
362194396134530812
520376885690047005
683752507209081292
360658924757922412
1046682631838258739
489252746030784212
2011715088041607308
1799343476583190427
1435600332902102579
463376425
1447875889457141820
362396812694679532
1574504387713607740
578644749
1861446577468715627
1861029715544403627
714284666020338365
431727504312981884
691812315423894244
194928970
559709637508777564
1384085365311273180
308315189427001244
1928066163775459147
1049757840263813859
2271655522451202748
941387119872335932
290159251
1239149927299307059
1703434392491305420
1432034218122168979
749205137614303412
1387355119829166500
1963521195297003420
1673560062571511947
1707696468822805180
240771782254741444
459145411
1769866567101901060
919912033681439299
553211385995763932
1367932976317675619
40893959
43544090
139042554
516747516
160859589
1896076005419304700
1895637092960164460
490138132586238052
425542717
1509919967662111300
2265894315265404908
495491633200011284
296568479
120332319
561967643
2269210759739445908
481155603
1372373972450437779
1244029073491773299
242487881262987844
265004494393616165
920733740031294019
424856979600597692
1946371996172382628
1670844465505661187
919513074707875739
141217636
304341960
59810841
497974965492332604
469751899
1368181435728680779
1705699287381309340
435178935221929884
519881551028230645
1544366720533557387
1732915328317821507
287436990
1758815191969395228
1860962130359533107
626264103982372724
562121551783082444
134443012792981605
387922023
88034444
108451106
56483096
142936804
26535678
1861169161984729547
684140327113490932
1757293157296078508
1447533934584944420
2204150983700554348
626114457907370004
1575096770678240980
520045897
220752529
119950375
82266082
1603224511743827747
1448612692602869820
1795725986416631787
299888427
554958311129301652
305172994465265244
426433017342348892
1430100431246736059
263970192727681165
1895811203480421980
316013250
572682539
2076959915554111028
520388632
161965755
687757278118794924
1496091181777152739
489578304502731452
77238977
424346131454677012
2268213125027852988
936014476162301932
1990205139749859867
542410629
1240313420877485619
682326974924787652
424487727
212033417
216680041
326466590
419253532
36368285
100884872
109934684
1382187815727749220
1370285409733397259
316479539
1111937962860902379
1769149719572715900
130030320
1897482387088271220
711252589767972765
2138509005355163948
356508493
589230176
1430797876925102659
30854475
2265833666334895868
753490797665593684
428736148
186853187
1447733805099857660
560839864226044644
186412191
1496790609152071419
744000024959373492
1304187572838635219
361841200002813692
578203178
544255384
1754976800569705108
361797167
1795981444647764147
146707007
293279080
259515057
361792142
1947394265281875868
521812135461443405
383059020
204470657
555891575
1703194049472645020
428723594902474972
1771236962019358660
446580653
1574620882494064980
1755269045034836748
394145226938722285
753309755742050244
333117369778529965
1500454188144609099
710726081079445485
202125246631081765
551997648725369372
1446833465686067140
985827532488755899
1177347630862510619
204340194878797965
1515226600464066100
715707794741704445
1178457351362119219
139099771997517885
1435491003305380379
1987842011726819027
1433289540082841459
457851874712623125
1703482316413778180
687701726598129324
138480956008310525
2203619018216644228
1303854311404943979
1927050362437399107
330963592978561805
938164449658478532
1692990942861569588
459352018753705925
2078248420077600668
1671110836303577627
1111198008481065299
1924914290343764307
757038886970374084
1865705939283713827
556404094
1797782860501208827
570026133
1691325052334359228
1670676622228922467
1541667213033381587
177286875947198044
627100819071944724
533927007
1512489450365983420
83189280
1989151999213417187
682772425748610852
242170867185936524
524763721256618405
1898035869229557300
241640895589505524
340046270
1886262474598350428
1641588096384399060
1509771219683256140
158906426
123116934
156666153
159712548
159958464
2203115299761205788
2013619118995038788
1303666548732139659
559058412
1959512398349301660
1691264856174808988
362996557240819252
139527974
179059893
468851080
462956670
460613420
421884533
444991175
247713486
458593663323306605
178398708384344404
1990647449976230267
143105136
1494526667060214379
576880081
62446519
2267598894653002468
127334327
1692843350215180908
513902080
155742605
751366418623104604
1110856637634201659
808170829515886772
528550059
1795765377863590467
568589810
554094490877345532
2011600274975715028
430340209256476332
94207497
2142473308250431028
180371132813461524
241630413988214684
1242830226195773579
392751765686237685
571736193
402446013
1692657874853142468
1929861840636776147
200835258109446565
1693093933273304908
230271585
91880804
563954140
178379743
333319450
129528369
253789033
166064007
326844687
214400385
81128894
346724541
167887083
648194358759655325
454612216653440605
710845002993813925
1540782387084259347
496264392580736724
435736160863954604
135590642689296245
1369701991137618219
1959915321839749060
1895728110739896940
810572594142400612
1449489503146055580
1047345674737715619
457957496090200685
1512404838141327420
1861545273240875187
518449782843869965
500260609
1895634689171056340
619565511727317052
2074115187646394588
1671779514326519867
177946100886595204
233834228
394410698
200394591
1706265363916360260
500048241001519844
1706265364045588380
1575715565323048500
1046620344956672699
559094168
623792201553414324
1799862177249497667
1110687219866245299
559777293078103844
459974566
690189759639332564
459753388
192648506
1885537878589555388
360623864
2119464922293608147
1639398172292291060
2074834175535014668
918338569577769019
241117968346097764
584932809673140325
1757052372742893988
1449905211802326780
85390911
583190178285287845
225482678
1831693821894011340
425649037252574932
1735244985499046307
1822651221353934828
1735245049632145627
67484475
136104034170476445
1604979378585612827
118597992
918739202161530979
1766541846255257780
938049242878799412
1947596644304253708
137405506451912845
399442751
2117562458351853107
502760963
1177225316258396859
1178318405144852059
618832787927703892
627438064903010364
569275328
623471360930576124
522187113
154911573
110938724
512039079
90347985
334108501
1988634963846586187
1861794782492889307
589725941
301008411
562763504
576046580
100837714
227070477
1989298174288765067
1240216121132472059
1692757099846955068
1705711041695467660
179144281720059564
202257292572596485
361898339962335532
1767059026042624300
1446926563071519140
386993343
141337239
1669381515751948867
177678569825019724
557714895
108750890
250837767
476607086
328382344288303245
1368351766181222739
2051995321625837547
2074114321283944588
461275978
464631115
308013983
180293033
279291528
2075557728594976348
428307165272666412
586742604833039925
562441888
563725094518073564
573175060
582740848851360325
1496974619229051539
262605372548205205
576033126
427022861515886772
1950981791518383908
1886291652326801708
140280381500852725
556393143294677452
495744681604409724
265711142526531205
2207173822241742468
1736978982613066467
1301841179261061499
29383908
554407887342908132
2117891983773154987
1370761122994329859
712484815016597685
1304436262409390179
624234259471714524
754739974557005924
2054685964172074987
85737940
1957917562918758420
454761423770158685
71758485
392081992370326205
1957782019844291300
1798995139724975987
374094833050261604
146784807
361114189957066292
516319245
64210733
195111042
191539426
102547399
628285998613674084
202412230891710445
1736546780520214347
328061937178405485
351509274
1111346360268974859
220987187
1900266245291837780
2143006144581828348
192058860
192027965
1735867426188525467
580285667
1383960600418478460
1449465348496251460
874229908425346812
360227594563878812
919669652270458539
1574521976836639500
1367428063091456099
445364356
504993934
1046963734977403339
490819416541417652
76787197
1372805857055303259
1047696227566192819
240890822931830444
1435391859595684339
1766519193991690460
160841637
427596817244291052
618949544611644052
1694427981041430388
489065799465624052
1638498809851729700
1668635189025332907
222800023
564492353755653924
811144080212242412
134915004
1770847625189119700
1835916938596812860
2142573917977489788
1112468661071800939
1638496671512750820
306471520732247924
264567642912671765
1543734923959349427
1948708761234771628
1946329414200394508
570331734
1769203557929277580
1987879893991047427
580350098
523350468
539422059
589422628
1860356715285638747
243453393201363204
1769517486896404300
1578485897653442820
714053073980647965
1733826956235911427
449029232
555960418983616692
52429271
479611073
346850072
255922484
275117716
53254014
247254346
405058573
1691964315211378468
309701861
1765738188538644060
433452394418100244
66572647
519028665200338805
326788934118570525
257999225
438285719
72779033
83585759
1642002292740270500
810905370970366332
470774569
241495248
324520298
1515870693210511620
1950180451779842028
1894001812520561180
68339487
1609220120888127627
1950667404288688748
329707556517935005
1702105323657799980
1821907642340568868
561308442494143044
1893869183325563260
266423695235856725
390978507486644205
2138972782190706468
872319600885605052
497245738138056844
201571615313394085
682594365006037172
922125181552405019
2139471935636226828
1112580475771730059
936290253798694612
571819813
1690004204014666508
488232510283599932
1369097145049466739
175503663735199964
363337928410960612
1990767439565385987
1949478477253316788
551935240542483132
682506157868040252
2265697543100592228
587218574
2204060853606637628
2205053132519968748
1882066075981467908
18182559
497411549785913084
1703623796925614140
118602277
15758669
511251078
1576614110576241140
457825680229853485
440088888
490638864974302892
1048186446516561499
180672248692005124
1734663542693367627
1670267604146741947
1436614539812423379
1757621496923476668
456715363228269205
647853247015389525
2074820262917685148
1447114095016048660
873223816944034572
1639562660423670340
1862161741754441347
1689923568882290428
553729080260779612
311111588
24533651
1896706856030504740
138636913518291605
617910657651842932
1495918409114553099
200489253143578645
1498527319393721099
1988495075934855387
1642331005511383380
2115999513662947947
1302887325323417459
307318479799220964
744549995011203332
11493002
395859996772727445
582559877
119937775
194133430
306078975225043164
874367504013483692
108233850
408849487
1511100396835912060
527217457
875035308048187732
1768502185133823580
1767569312622212860
107503976
2075490196471800348
304331233216067924
1818506833803911308
445480357
1543384484652023987
562630953999980524
1541737918973022747
476420079
498285876160334524
409734025
244483201
1988337873384418907
199178297
388062008
208228935
356351659
649642361026935525
1305346331731917059
265941845760231205
189141401
77427359
194508459
457658447631693405
505158896
618767331804352732
1496861233401927939
1860689221255549467
1497031260089845299
1306178982779258699
1050179175225723139
748221369512620212
179713981014308444
1671576131702714027
563335800004716484
1885447786672918188
691783756252227164
428857932
918559347437947179
329412696477231245
1947597937303769828
810701719566487292
616700821635550852
426259534774792732
1949565797776478028
1947332523143323348
2051921802463081227
920826799885588779
1384270035176683100
124959605
329743865245395645
1988080117680836187
437966961178958604
175450863330432604
2139268431936238108
1606906995651964787
190396280
307630676457909004
326640266845477045
1175137622305576739
105707086
291964147
1370548106340300899
245851509429295604
380645808
213991474
319132332
373364366269589404
1383963561926686500
936635233085775532
751744099027605404
524630512
258974050
426161648482004652
434180888928610444
629358657933379524
1860241748092899107
304026640387876884
1495885434682378939
1831360751750605100
266867741315713525
1177857065747424819
1431837049991096539
1048349067967335019
433458265653499484
327166003762694125
681887911338156452
519120080
425947181
1641036390774650700
541151313
1176795779368888939
134559670094874685
143988659
187731026
136906286
1667620297692152027
1446569996893009820
1864600423870250587
1885946876896862468
750807346132263252
140375428
714458505079138125
984430269634550419
2075346525375992388
2115772757311561467
2052642623915040867
918228147562096579
427155808779333452
1496465557456066899
2010399625172718268
176193143
505726706
322423179
188243167
455451805066225645
432014459636189164
425651787
268926391
267087212
326979425227392885
1238301425762518579
757723986124457884
1304523854209054499
587260932
391595244793965325
142288388
557543705042869932
569873840
625047151247160964
1924676224834838547
131136116
1820999877019659948
1991864595372658227
584593982
328324642948327845
200423996167318165
1302520363230299859
1366250282232678259
221245131
272287852
176758480420091644
127297370
19402368
66927776
71590653
1990044536049348147
331063375
390670249273453165
156261513
522670955602274125
379267086
1642032400005130020
302524973
240165132606920804
443174397
688523844589307924
625574918974694964
495888328310258004
1671956924259033547
1925013692680286307
1755961152418315868
570414080
330637453664630805
467767380
1510493040110233700
1048788595843614859
108007782
1049910839423068299
586366713
586352110
940002929788751452
373106922
182013377
1692865089721991868
533613636
123077773
499670293157238804
208011149
276602624
390719036828412125
874796249357238132
435647998
425882276
546901005
238168740
583020539
360445803755672132
500794902
158082737
449630871
1701993962765814220
450969134
548060210
1511915872524995260
48679453
1641927908708301260
1177369642475878379
368319479
398494716
519776923774756485
1861197042966662867
1894916281440798900
2140459792112570508
690962202704329324
364232279520694812
428604050959020052
1497391030274016979
292349865
198767103
242725963976854204
392757143720884845
1733599745904959107
1640131602203842140
681894007537877052
371356216443521284
1989756844449866307
506371129
160285738
921551045336463019
563589154
576203120
475465506
257665023
496816817
2011548908345089668
186167552
479650598
1447861870604134700
587137610
1176409050041108819
1960855104036157660
435573849080878964
2137631734276824988
534209836
646718535621166805
812438420343018132
214297488
348602529
239930917
240079382
313822498
2202769233055981868
65794059
129064733
135321398547667645
648360295692785845
1862973527121952667
1945942646626173188
1667871461415497787
1757753689021452788
985449706926070259
360322412546712252
1960438025451202660
1496683129839503299
713488561360328565
425979963375091572
1797455878329089747
2138886497019977668
1496099040025384619
263267074004486125
583193847
875248899553985012
393399792
236152225
1948493460760219308
205900253
457323377599576845
1574969446743685300
1603910025561796387
1864288315139555707
584545660300212965
1859737693261918667
2075769462334886268
198637250902493125
1514253682560543300
1539770228916809427
1768013060711516740
871926170101850012
584892680875362365
1604747116525949187
138002883303614045
578130968
368197125358230164
1757045959399600228
584545147862001245
461499917
499040308663446164
559984980
156180775
341038004
239856605215320484
2202329161010925908
626525160162085644
1177260221058262899
557106366276923932
176703981
1667996894283296467
95637905
171148835
1174414636661462739
177782672095627924
1575070871638620340
1821801644875338268
411655651
429768081271714372
1733093887380984387
1301377393578854619
1578556383691499700
309856434445769444
1930280257734811307
620689082576515572
557693735
2056016633953844987
232011415
393685716
425365089
1606573993309564827
1511685154907863660
1112665843821905499
2140445363537339028
713295991529027445
1451044333068236500
492522288603041372
652597898551322685
1928338205044503307
563685674444397164
424680112791028132
985441404252170179
277734253
626159818966616724
571564687
1542476764919247147
562712910285256404
1768110375613860060
440231124
352300788
1240136442482247659
1303011733700290699
454469395
1606715665710092667
2052420992357716027
43027572
556321471328039052
1046650573426370499
490759949
579201141
454592287
60001138
411629112
210874186
579310888
146803364
1513694867702691700
567669164
158015132
422000463
492775865448559292
1306874144858469939
2014136764746314468
1672514754998652787
426221282616983612
1833367669605324860
1512955636141394300
1988920905313005547
496967381047855124
107128237
282013338
2075223888415879228
552493658793173212
369278903931807684
104095781
555997033625219412
1637666850064434820
1893955058093742420
1112003469619927339
434667636503783444
520960530937596525
200646271324596005
2202129793923555668
1515995422677104620
1900505998714050420
204554023493331125
2271833192330130148
680232313271816172
871903813538763532
329708284911663805
416532583
95699701
2117101892300955827
136870714
329233981
205573826
44149848
236380301
2205055844043993068
436639294928778964
1864139717798452987
1543229748082454587
648746484885305725
1703738139948001300
455725297301305925
554785184467484772
1178156807641713339
437220243
545649166
590949393
1695300617352429988
875385306090565692
1993329608645071187
430366218873557412
279166608
1435106293379860259
116050628
2077040469057835268
572373536
310199586
1833856606358025860
178015523041020324
1894499565555169620
754294442595478244
620075098124910692
1545565161671221307
497789103501297284
2079168083653890588
750858500334764372
872911488367705972
458575301286079125
244897569462728284
1732006568431259467
262000292
1509875382459361060
136582045
102521669
390485587227715685
151712956
142417524
125940997
172169453
67541946
179426962525989644
326977728308639565
874914081357730452
809330429278031492
919260428965815899
481841375
188363108
252673186
214290371
122557257
1447101142806824780
553035784283185652
550717048
1241666711139686939
2009479180128534468
363638744444280772
1829722006064916780
1540699811413188867
691551225087944444
650066994707462085
1671027315447185387
458840320
1384256992400701060
349839873
367736601340340404
577119801
744579397123203012
1731750434668597867
165905301
183697268
1949626497044083148
117938841
197732833
183889374
486894333
132103847
121049115
161959394
115204588
296182124
1669056263893496507
1637753358452357020
474016872
279419838
117970526
537827571
752523219176700524
423264924
548618386
527565692
511139500
1821301844221554588
1112337515063735979
291009343
2267652786945405588
2140665775389974268
216882731
279073034
1639469333827676020
681594351441477772
208270322
2119229610222993227
182466550
584998159
1177625195403335659
107699908
165051817
168675654
563082508346313244
435998491218724564
172713238
133265667
1498069977831516779
370036464654793164
169809793
423373435
62218013
622788425226942124
1365989272192706179
496742694
457025481
533317211
624620973375023844
241654612965996564
229200208
1732682371358159307
513880761
329780228
170043808
122333458
681643220768080452
1924560793717608187
339062029
462380444
97377914
362027853477793972
457545505441593365
1988432726898741787
1050202310610770259
369631627887683324
561059047013668644
1819385665151581988
119030520
300802954
1818406223751037108
212439113
311741528
1575319591704647540
127773886
1301833498253793219
453391477
168288135
297607213
1670091295528255987
265757775504861725
585238965282330325
1949895658545082108
920918183397447459
449861658
240078650312076004
923374769814702699
548667958
587400606117423645
522386496998815725
305070679
745080967234138332
1731857925363396627
1366771456336906619
2141972211366842948
91117507
808809149900439092
489628159
200962623561919165
456988732237154045
1429970904482417219
563571722707872324
1177908391773603659
920907336225515979
316901730
67476369
200765576028063965
1705549401698273140
1831533074802350020
281951880
270147481
1433281697243577059
200510523518388885
1111044873915075299
1640615851799132460
586712797
491096959
369074430050515684
2121718048017379587
1835254595404175180
308421857094867044
1545655871095861667
459521864783755845
142655013
295262366
544352115
376173744
1831211158137886820
877213642999406532
520173755139631045
497075840343066884
626125367749617724
1928910948515074227
808620332406218852
808620204717801892
1495039114675394699
116155140
523196028185278965
1116133845637396899
554970275770990732
553807709
329813527122048885
1834961131908310940
309574531418179204
1707815438224558060
625953561401391284
361649575787876012
198243437
460295786
167216682
1112934295993395219
1369052273927669779
1384239499262146420
1672082522211258427
1947638897117688108
518628914833189565
1799861268541431667
754308908175652924
362445723846152092
264403848822278085
1671518582558670627
573911275
1862888720871374787
552344779049746852
568417554
392673510873544565
1640731526199531420
2117529032214642867
1670233099926253587
194924384
1924470541155114707
1049473973064407699
202843436
460738293968902685
2122076627813183707
136931899955124845
2270390399597621188
151827521
1242878538710292899
1765325284254197540
2120400605725975227
546697641
647097550092130325
582681366843459885
352748375
161336762
41163607
584932617716864925
197852735
2205218745606504108
1047221553283861019
1509681735953316100
1449443569849395740
141100209
222506022
372907796
809115290534653932
1109963179354081779
506108313
1821463940410953508
1049850007664261019
585297558944836245
429281464958717972
651691230454667485
364748256396275532
221440642
1927325594004430947
2234248
219877283
193615948
680090364138504372
982418586127206339
456725996899907925
1859950894578802387
584753405372421845
582926467
303239891579009404
148679963
193668378
146834951
620023062118141812
348741573
1670610206063874067
2201640394381078948
623538723257309884
1241544438461635179
330306469734324365
2138049973427396668
1992834751536059027
1759146534202032468
692903692227794804
2206759353989541908
1642670737424844940
370066156622035604
2269852527822388988
1638939745933076260
1112020000841247139
135953622833301365
1819190394508156988
136499133248231325
1959389034573200140
1383809329577871140
136374520360310365
20136383
195891579
430734297029006012
625733049458468724
284375107
63461795
1116207011754732179
427059372007821092
232030749
136536073
513585687
1514016945760778460
244450843213768564
1695113320110583348
364568764560883852
1434913057239153339
1760077872867340948
1735060300980441227
1796336054055354307
367719719
983280740245596939
223231314
182021723
1430570320226949659
173993195
1896702646429173340
1179165814230313259
1643992083516897740
88789862
308045319
1302422185215867019
918964533607167899
2119278878744506387
2116235240068723307
872808276959752492
85469641
324570781
324574952
461386401
83924436
1237966381387171579
343971169
193670573
2077492162954927748
198912142626842805
129152071
2268651690942537308
427576836
983610789131745379
327549136
877800377306693612
564330892398312164
2057517578966765347
1993305357763555267
521106101
46394771
183443924
3961736
396855985871959845
449105154
1545591557930118787
368876845578430124
1693420503828574068
2268443109573050188
693020423682156204
365269663526695052
447871617
1771815702991575780
136402994063202005
2138640382267732508
1949817198621688108
208590041
1608243351064260987
873211400511865492
306407392136464484
427736612234534892
551562041
434096349299943404
2014153668811317188
1896674537367399100
987934944135649219
1451018545521326380
561592016218261324
1702026752493823740
808340234737713172
650574465380850285
1705962906083624500
276749555
573226153
173867184
206770083
125583024
1732208840638619827
2267336813939232388
1670522859185943187
587211339
433160261019081084
712986608618809325
406271636
1835531672040417420
1308296032336025899
244275693958518324
2080209460514562428
2121557450933424147
156987477
1109968183030385059
248221162
1884879719492661868
1304718958394788619
920812567027374219
1799359383953153987
874571483394404132
937212093395485012
1303746443163884259
2203012737849540988
391912816081086125
919879957433457379
1926132524035698867
1767507723938232140
1047878185711236939
132604330
72336224
153731526
63215306
518503335404631805
1881602030727098628
2015383517913612828
491227026633736532
138147228
1302399531956745899
122787999
570794387
423610481477988732
351002946
443830255
528073516
588219949
1731630108170416667
1887678864939061828
1962748632866948820
361573056301678892
522794461484182005
1386936142811555940
177588236
687676387403270724
1639847468695336540
1641873333527582540
1576066496884255460
520526202118437485
370552645561104564
244966038
1368746424627742419
523817991061510045
1639402946209004100
442447491
183011619
21576547
472749851
521464022352308845
577689819
1862198286523936387
242696413793307124
492276988584129172
1767632682625238700
1114095462968207459
176189992323672404
1885753261103362348
1511695162279025340
435821782
1898007406393477900
1382920429088041660
620904581957496772
1306126252282992899
2054236954540372467
1609018227527568947
267200117001242325
1579695050981939780
170789417
401600878
1702774080343153340
175786805644846884
282914537
693128649635683044
1388377395384105460
460873478409550525
1952011825150619948
1772264444707011340
1610348388948943307
653311848187541125
523605874683602725
186622266
1047894830289705739
746815819883691692
1544975611345154427
647041508051830525
446891769
1735958081805365627
369959957784049404
873360240969613812
459944495
1801540136413031987
938567619710226372
1384480121493125500
554594480282857772
713471342438836165
1987637646565183107
984765304971765499
1897291709877749340
1384801488228014540
1112955242357053379
1638212585095567020
1307810145800980939
1371396874666425099
161004418
748004219209286412
941724773186916492
1863994727438696027
2076823940077888188
1864288315204272467
2205062310104956628
1820965260312526708
1949765289777451188
1691395978933404268
518481835996289605
2268011888311123868
1958281794039593700
307287559078713964
1451181415188879220
689041458057938564
1641721063896319860
390631736561608525
1767813604272568580
362820712140050012
1495656310840985459
490352837014987052
1703865323516467860
1882321279000956588
2054800566879796947
1861924335169629907
1959578431048202900
2201580086775410948
628964610718910724
491014335404102372
188334277
531267122
1371378788306156299
1801862418099929107
391670343307228765
1772115568553134660
554778657657639052
278147383
540181400
327747562202753605
1384915153037158100
564974170367699284
1707075553734871500
245525053315898084
813714104025076452
333343842
1511177339115898580
440111249
921298629798226059
588364940
164915444
581405627
617455607910224172
302980658859628524
518756788985186085
399490130
142287240
280010594
1576760052769597060
1734783132331634467
1896480878846576700
587219021
555044113349763692
524421666654378045
587534023
876884903674785892
1797147221387911507
1887204156322050228
554595851772506732
563354432004552924
1638156421171497100
72421828
1883811110821368148
1430181812264192499
1862476473249948187
874165668850512212
1052051523995351739
523753478326708085
1861291048431075347
2014308770270773908
1732859710282661987
499335826165377164
138660490
1893325999952394820
243652319003429604
1989057901524409987
505776614
711549679001524565
582365953
588637023
297934273
454912194
713259455574636925
557177645260726532
747301534318498252
714494772103092005
364519115319837412
1704483547581655300
1962329636425881980
332369709788535325
124287102
2144409197979763428
562373697507804884
877790827036742132
189536739
1540304066160488587
13358919
1302713318137682539
810424627128308452
2075865912019673748
1243053906978129699
1243565204764805619
756715877544003724
245727178822846884
1993822430647615987
1500204031614945699
332011642850596885
306151517409245724
746021216043753452
625201206119327484
150428105
425871856946041092
587696338
142685034
168302323
1110059540002212059
40946193
875732341084742052
494677741
755609433662286604
752204099261364844
506019710
1736068561260290387
433528891
619443850497707812
486720994
1733627463765188547
382072378
2205884538796413388
681243467282624412
744155184777940692
45784851
1735872519735062147
241654741045008044
368318429
1386331746855393660
330618965554222685
497279515883034844
552945649
580369607
203671699262265925
693136459824359844
2014216073891073868
1244023833618851459
1759322636243631988
519347941816654605
574151569
241775998039660524
561833537903376564
1370299269302630659
1990835336823717587
553816882650713652
498269494885341684
2138375206590026268
1862570499449602747
623471197447173844
181081717
1510101794345584380
78064619
941110390142820612
1608214171683053747
308198475681614484
1116071145261046299
2207431122427424748
683944510012568012
1960501329555773580
50426558
139723300122855485
1820199873332645548
922910712478975539
370542994249856764
1579169231486146340
812467958630182532
1692976937951347148
347323948
1926079425912680427
2122401784352432227
1886394892469730868
1545534845043601507
1759784200003760148
1708571791362898580
1372363192448030259
521115964440603165
1431438375772846059
1831453018451384580
2201953366504296108
135289047
109364043
65555828
525127910
10707221
688591359726700644
140776288
468877428
1755325835993263748
1052081407382067659
218601961
265712401890227805
626934919117932604
135598399075600965
310993924
1796123659385028667
1947925204439891668
274173182
937964460385267812
1496743323333273939
2271721796530946508
285339924
198323777
49322812
560226840
1731843788878799187
554638363
371004847743207324
56728627
558250701
688424942228895284
688361326270020124
541760369
578080476
1818075106284126988
691217094465316404
616678364406874212
1450886874900633500
494451250
576114388
584572900
647217193714980525
107413031
2119426571619483187
513953975
1960003455582689460
558980319725676844
252279406
682354544581107252
471367365
1948680399589531428
626808929801693124
688295993245353964
691240972947851204
554810447
497141028363925444
574948868
571194339
305426801
582216174
1243069656693278819
749127150792732852
1948116374432042788
683125153613730012
369902429833837044
918439553892771699
98948515
553007674001334972
520779886
1819780256291442548
116595378
1445988630978733900
252635956
329747890
1754140182825648668
360152493108539532
1862121534766727107
540489801
176778566093461364
429020320420708292
303786003560167204
1862586396767593027
714079055649757805
1694570717103546948
1896608542389586580
1960619444001925380
919663454459729899
239667358933960324
1991040952086232667
1898326168689366980
530453620
876264399805550972
446294689
513475535
1821358715693376108
199097229998844085
1703023086292060260
983200848028313819
135755437147981885
680268078097436532
413463901
240805794862803084
1669197176336519347
1736739321250705587
715016922850638605
1608441419083481747
1823846900282441308
458219314615753085
329822427446974925
437379563
8751158
357325987
310831248
168605895
586293197955835685
1883592463690212108
1640159703685334700
1884310090262458028
388782796
1383117712639805460
242447970051528364
276362399
231739380
239521825320515324
506683302
2075114908972310148
2205943161359904748
573548452
1432834428893419059
1863707521480347827
1797623690578117107
874876366835638812
1897051515532011780
1991542136995729067
1949483953757032108
238284851
270713389
293157250
300861557
2011687609438711748
1990134483326866187
648485004760664165
920617816668109299
305623687188015164
874645755213341172
1575754726658324500
2139841140084911948
625168936578279204
505507151
532620166
326395039134070445
432993581709707284
242118453
625805001970448044
1545381305645170787
684549489272615172
1609791078709280507
942132506000884412
1244081800643103219
1899779506550138620
2079474381077372628
1835570235186698380
942045583280217772
1498441585243125539
652443983487187365
1544182522177343787
624358414500767844
257875169
290637337
439844856
494082799
447106163
445063813
570222815
2012975489469391228
318160409
178192216779946324
872408465796719372
1640073183152527020
1173891286606878539
178617883
262619751713306165
225002605
489640293
2207312621189501628
561814809795836444
2203764016420568828
982743885035940459
339743224
2116964740646248787
457132458415930125
114890174
316533699
433551992
31129057
551518413
307056228
541567607
578129790
1861066690214985627
627555724507408924
680350789717799092
553394711240814252
680200513766592212
1960446703203584260
713304789442565965
306876331821329164
1641001935599319140
497709320043362724
2013073455219519268
137739045
712523706749527805
561758056
181226329
186954266
755424977165338524
309248324694514044
1801791951540215467
332770116846291405
1449471336096819860
1823551733376032788
1515529575562496100
332705925093197405
557163736111316892
232137086
125812224
490849612467638892
755181795133671844
342638662
1577584906990602140
1991066395801059987
1512146778355436020
424977664114859932
418033191
312641732
513320791
223402415
260661685
208308323
277687158
360027994528121412
255988582
2268699159091621988
1962596602271610580
1929133777480347307
497781206903732084
1704097091675453700
136516674200049485
1947494876377612948
2267702313962118788
455316911986407565
326689436367693885
97065280
177227744403053244
139939610
431369745159235644
1864288315205132827
2055126655455960827
1948926201435886028
753729603679831604
1832034210296719900
648639985628739925
2073785745720352348
458566085243849005
682230531757678212
1704454150457804820
1670781611284348667
135874737595521685
1670210793703498347
491901306026811612
1385488796414084940
1705489181055621740
1928024068086918947
2055768131445096787
371848056923387764
266731651094226925
362702480461627612
63205073
1542097665560302107
1112291116138117379
1603748606328905467
7786287
360954419061788332
521310067
186016793
298095646
223562373
300588802
82669111
157274386
127850434
88766620
120847576
107033024
98781630
427230673
587398946
34423610
427534438523585292
379718640
446259817
111010492
8733848
271696527
157282501
134403711324760245
1767492896388557540
2266844931646353828
489774736667800092
1047811459873782539
1542176593272987867
510358205
1513809243837573860
435098995
419966844
503948697
443176627
327392057
587517511
434353892
416632485
116297594
377136953
627250219367635324
811006622557028772
35179522
1241431596571350819
939038236000366372
452502992
1962244199136471420
810138263796499052
436498855928592244
68030313
95854162
409561498
496285275960203684
529239977
93359570
88935363
108367206
96084947
169637562
130607990
96084779
275592160
873961022029217572
138795252078413965
242191789410679244
1605647028624069227
563649034
649245772121012445
257078482
448437432
127861019
432005027
508108267
522715399176772125
808303820716696092
559528793292478124
1047647950767585259
2014707159932346308
1866494304601284867
1307496064654530499
2115779991945862947
264707582463514365
922718378677873019
2075230338776834308
1830265685826549420
1959075242931435780
519069350274688605
2139171448844976908
137209343000069845
136937187268798845
2011311760200859348
1732673306232005107
374897283
184175602
106499753
1640483476833536380
712273221849667725
1690685126764044028
938968562472497852
301807423
91405876
1448305120455158380
414853859
2076531351836622668
495499188
421450793
521110956802422605
1881622412798230428
749473361215721892
1176748596912997979
713045855315319485
1640506666946345460
2012307444252664508
746600548264783492
361372721239395972
579277588
757132819439909204
1705744751288268580
492029324710674972
1384232274328258340
1694891487923949908
2119767638257164627
1755066615468843308
434444497758951804
1895075740259830540
1758861408791605148
1366092257403218019
1240408993452390579
1731737811354165147
1173922295703747139
266328382691784765
714255826559494005
179815196
2076108036121490148
204683080360372925
1384442699786414140
586688034
242118310095776484
1112124611030783779
1945597191970480348
177676184
456424726095059405
21168749
1766202308698756860
1949959894306500788
936586523465203852
1430014125484861779
395997819832592525
1897475968393779580
1241380675251537819
2055179920954462747
1767460298292398540
330539413717079965
809967947829133932
1883138880061697788
262452532576324245
1513798715704289020
681142942974431172
522648085267237445
1926339438138912307
1958168563890575780
560967737446180764
1798307835672301267
874370273955602412
569055532
1703991115737077740
164989780
1514837564103404300
434717237159942924
136365180965770965
1050066936689899419
618789099794706652
2205543602321255988
582752399
1109875048828652219
533115717
589807708
470243711
1859922531981816587
518857134101161645
62154193
1949885993963449908
1690628142376010108
408996576
520055799003633405
874589854323413612
484266818
335539846
478862424
1819317362615615908
1883527704390033668
492317610
2057151534679626387
1579300341839452500
456864889108097125
1946155766509109268
56679240
50807680
251201990
473110173
1881954279550148308
454462755786737365
332377866
570767779
1831112683073894420
1509879572027259340
1367331629815531539
1302101245800909059
1301976847147017779
580313056
578946059
315534326
1383835000891300100
127648168
1304010759988787139
1924077743521886467
572954048
2051794863560101827
1606685859489292987
327476654
129239637
561179647
575989679
1239505074596116819
575721088
1957961584412436980
2206892498705092508
452660354
1496231340156692259
1366833828456969819
920329063927285459
426703307364933532
378130089
682406960022392532
572915258
560530668894071524
59325002
497694821
1693805359570977468
460986689
135147522
560629848
937501591473426572
204602221414795765
923760953082070739
1431521955703838859
1447736452097055340
2205329160438940148
440282996
285926660
458117095
536237316
168278881
289281814
189189716
1366218895090984539
195230099
1057036
257657292
179652426
982437215271270419
110678623
269086298
334718451
1958489752860170620
531406615
561183382
572795077
503166254
500044262129219924
584798848223586365
325952789
547088628
1511378568722422420
585083631313476245
1690373852957953708
563327234
1733014833919725307
580890366
1368519606710057579
562275494
936119909469971132
572009192
574428931
464733291
350858682
34041247
219136033
509785856
918513537740217059
540726112
1637992538348042140
808420448624074732
1667031706074902387
1797053870075527627
176874027453221324
379145696
370575603166561884
519540758
218012540
1771121634924492380
1643044746960578300
921440628958934779
1882911057285419668
1859809662655602387
1241299772273530539
1385260865529518220
565541609172895604
289189494
456761673
279739841
410306805
1542114257782079907
556193258305912852
570610846
936592047472709972
1734101738285170947
586408298
1883983595044794188
427401665
364000614
303858567180027964
359914964718272732
178119930147661764
1765330533222778700
1499296442789161139
438309924
368355177935755684
485708844
1499386267466536739
497094127
491861153629253372
584922488922916445
242507146036619804
397559481
262731140090025765
1385425469905521220
134609087787198845
473311370
589249798
479424840
240306481871837084
306652768
150520304
139090556
97925065
81795941
167320163
1511211048448992820
242463940401486444
1446027123148482820
304911910228363804
584379430
616178809717788532
187361626
1924169708936613827
262885791836084525
616247366039724492
222157657
744030855662804852
458682078174603325
983051845873591939
496744182
178073506
1604063068126364027
646851632544856405
252043629
712127177034860405
585028401823688525
710484792170297285
499644385329343004
526839828
519609100966672565
427162291
213936259
202892762
687899142555183044
2141034489791808188
390683501913667165
2117942575107514787
133441565
334937055
147624261
238602550
555939772
241462000
72071301
564377786
1961743816619879060
524343658
1607178186391748467
374600954
105340400
237032385
387676999
96072325
1992004651404648747
2074567641918988588
152762521
1637741972035758820
1381598738767001580
559425695500703764
687965903029275124
753902888577194044
338892130
257864861
3579096
316202398
549469023
222030058
1817823043602178508
447419569
1239527670889093139
2054082860239761267
1638938800687975060
516437530
2074852571356520988
1540860449095078627
440527713
437552818
921615743675873379
1691489433906782708
367810153836078924
425717922
982207633479915779
266945170968909685
628619247631017764
1990494278106103787
556002183143022972
1048538846003558379
302386746
746099867475689492
561368329
327911302232111405
512945223
625268737473890964
1797572575205573227
650375580623386165
430563520
141003297
1113603432112506579
1831083348902492340
1703808427795732780
585132168
1923871370891563027
393183508860422605
265021782012851805
1862202392141262987
362811046244074132
