2012881712676180588
1820084286692835668
501217618247686604
1387272793350543340
716447956369742245
332518097914456565
565540481087391524
374351710174971964
1923954737509244587
647060183053256565
478392343
522234339700824525
565254072713939284
689210570600311564
648221229568825365
331180064
440238579
750252128287670172
685754036835028972
1046345768397014899
502217794344597364
710449598248024485
1820382265985609268
440329900
29967795
1240194680688569059
1608387380942717307
264802943315626325
460747545466783325
576297360
651323408889924085
1385009996414146300
1669540105136181507
136782499481832005
1753644590066270028
1605356275756147467
982458768617973699
501499582577628724
1539987982693388467
2073714284563202188
684819114529308252
1540068718588838387
1052294233103001579
1372368435008215139
1897110720672471700
1821224749181759788
520502691582367565
2141688703422722748
1177037346556938899
135758177935898805
688152261676591604
41464919
212541133
107639998
307597813
22046590
2013835758235455668
569423144
520246446537017165
744087807478362292
747556056151723932
584387177490847525
1543805511035445227
180509342358554484
1387085495473633620
1435244390953113659
1609505505991671667
245201751615145924
140600385482840165
1609505826933813747
924108865942558659
1606566804907594307
681651121889144972
1239525787794892579
521530078071732245
268298069
812096243965693772
426143834
2206073630081199988
362121269526925332
179178027665516884
463027506
583363197
584167546270829285
469835860
1579577555583990180
199115919484422805
651293106330651205
590701934
2270741081891217068
369482587186571884
27023091
384813450
117319093
211093702
52548365
92130955
95192707
232825469
1451616378231675380
179417315038296124
2206024472739360388
1866276613634039547
814128902238666972
372339838627518124
1963824023576114900
1886012556960883428
1798879110152123107
392682444276660765
871971873283285132
1817583662802178628
392099970027812485
242489454972626964
361397269202173812
563041742
1175557445570673139
177389924939926244
1753763041384439388
360714538466803532
525896052
689925326788900724
1705052004539217740
56182277
982471768962898219
256894349
455739934980389565
313468745
1446197627616103060
1860263026686722227
1382175578821130500
326626189678414205
269435432
77538873
235906023
280160532
428592250
25068841
454936690645387605
102964766
307336627
207657897
115305161
229499910
53541481
814169810271609572
2073665546436846028
752289401554765724
1924241797685834187
616925261994770052
1923730423642390307
519045571560618245
1702047979925330660
256716810
2052141240548036507
813945531624107572
557445820503047972
1574550673408379340
271097613
129850137
1510584304066836020
137436491
1701972718765127940
2266142437782950028
296846005
1541397749036126947
582879779720054405
1862339997960778387
86908484
391931738600495165
289677018
347401383
539331062
2201551316138036868
745615534132539612
2143050916133716308
749031593370570652
587568472280848645
1114268243370260339
419399957
308673561
1539971931405673187
453278857
227544265
1540020550395670747
66322059
155176925
2119898168574476227
1924178282964901547
201154133281245165
1830164042460149300
223263317
562161126143535804
419567258
169416323
1731983482058949187
59639045
1818606464961303028
360517945759179372
496451709901277964
326433299140532205
1769997927427286900
394470174983113005
189951616
323050493
436187397
1495484368262829979
1767420985410426820
1895702896269035100
716347779613927485
2271032315037933108
1240785492822456379
2053463972447326147
1817093349620666868
1047685549351270099
141343005
1448653855453399700
1382924811183422180
1692523130048176148
363535387935056612
1240056785224713819
986416469270517779
1962206735840020540
437686018
808127651542106532
1670697813765090947
392155074355186325
1381887888864327340
650097955505465685
351799342
689487895578405484
1864698257005313907
2143314339246378788
1737354553786666747
1386245242076293260
1961781361089075220
628770162144180244
1771321215349873420
714713919721683485
2057242427966415147
1898127703167334660
622263671424684012
1882609844353589388
1818866327067024988
2077069439188881308
590175455
1862697043549134907
560963658104305364
360381803256369012
810317917431960292
1734310728727830947
394744160881137885
371673090373945324
556238146040778772
205319551952083285
751572581336029004
2076378366673031068
2013634522123911788
810699891930181812
919726717707540979
242811542145398644
520986254622746445
416717330
745568932491517532
1895438454635366020
1757113776129138948
2115655135303508227
518532867
1893690784037631820
455295077266356485
495451190182180884
460401291972778165
185655426
872369511903383812
37109728
579015329
461424512
427019763882709772
2203873425304833908
1368658748756305939
327963947400567565
875019487922081492
265531928496032125
919863315186063339
682158799096819572
1899979471011788580
1887486800346678028
2119635214632746667
1690306145382002508
194134611
127005699
12188897
17920323
153834295
2207465371881013228
137295133827611085
1690861628232593148
267116811521951565
987342074601482059
1498409128972728539
693585538227287764
1694400398230602028
1369557618301020019
2057989887858414267
199720079070808045
1883016513630097148
1769164532736788060
1607654850053358067
585177454338689325
1574988766867262140
202510282952239325
1860983999811370787
203127818137278965
1693499251763150668
144291004
319500855
216638074
96569353
157806058
21520958
391823440918390365
1669205541072375547
381446502
1430106396735949099
651652561121572405
2075703924475772508
1883072010235855588
445205878
1673119136987046227
1900521611907205420
878550178123107892
144987666
1833221153385871540
175663300
178836879325313684
918906932797122979
1446487215583672580
2140125056502366628
1109314234607564819
519889583725717485
1733440145985548867
456080283153475245
1302560392739010139
2014421630544622348
649931508556478885
1950742671359501028
244779250874067284
395532984277182605
1884246042771878348
1642232942956390860
1757842576501382748
2139007250506744068
1948630592985960388
1452274514564679460
652916786000410565
2142820960271925348
427324809506926452
1755706737620471508
562133962169657484
371553635991332724
1576353264437421620
490832197746061212
588968036
244678118172125684
617064567569334932
1175059887801866939
585556728743246445
404287871
1865873881747631667
498071955362474004
497003997922966164
1820084595429531908
1435253116841646139
396309203517057085
479140191
514177724
200399403344328725
202641426979457085
1692516978235301668
391069973579331285
1818823732128903228
810180404011180212
124155764
542038480
499765593010038524
323044364
230333974
119923268
12136449
23841851
1050321690812282699
1512994190572001500
243457856280643284
1114157323670743459
272084700
1578506082670868580
1706281578666711140
1371618468235765699
1885762760137924228
1579026865916140260
371002260214052804
499659901354010924
1509979857446717060
1864027914765753987
649228763471816965
449218550
1112969860610713379
424798807
303247014
491669919403651052
328739633783793845
1992086824531857667
198746181188327605
163695409
688022225013663844
340139076
43910168
424965894
169211560
1494314294342870619
1174402448844154739
137107866965244285
1704397138842265940
222768716
523042486316140645
1605994495583981547
199488785571272725
2204699905197293868
418556970
55201574
1824407329663889948
430131135864799732
494066947109138612
628369463282653284
2056955750497415627
393391834149525765
1546522388147662627
1543031107417612387
1821748650472645108
1049205107694376979
2055228455698813627
1365869996805150539
569564133
873990472018645012
539148470
454582040200014485
2055520510508535867
201403738387052525
716319827218233365
366339893253967452
1949924733022425028
2121612116367454827
86487964
1447973958061332820
2056343551229841027
1926374466015367467
1384078716544829180
239882959652050604
1987908731668779787
123157709
442267358
877489619259768812
560533581953440164
1994347331470737067
1609045611068346227
1754811958851801388
122717856
748585610767101612
424940245
716668228703647685
304974459863168964
1947773764570370148
1368530746800773219
170116279
1445262612357888700
588180616
1305803197242050779
752543758859270004
123654440
175893831284618964
305635631187585004
873488306311421492
1923740120667128027
1769561139070228180
567826123
2057133531177996067
372709513333275404
1672390878942117947
1387151299084647100
921146073738803819
178970846794164124
394497060
1496921946434304059
432797074
616331626296943372
203912140937242685
693281386096236724
1541098583782719987
184895222
575715863
231852205
1863899975428169787
1049471337521388059
202800720077359525
2055451465378500987
243540029073843764
1885460220544401028
1113871610450299579
1048850878519982619
684459182335393532
580371070
395724730244736765
1862440025810260267
245124448742549924
433943763347421324
330859842259994525
362515013
1433730983098623579
1450064731836569420
1896736758498765340
1799256851546288507
2013835630143357708
712684856476862685
92066721
371412492788025284
1641233642064271260
1304979217270568979
265551780673603845
490663030648758012
492529774087790132
750786707675165332
61375976
474071067
148111323
182902864
1822332193322713628
523161857085692485
1800592070698447147
1796191865347842227
1821709058982371108
1494446109471201379
346974494
53274300
201185155
748106166371151452
1431911267373046099
1924203369414872867
1640660543189022740
519753381974206405
576023521
1435574845223332019
1863899975428150027
1641634600947518180
435417093159758564
1177876659055114779
619918341495202252
159936870
435417093288618564
520903794
116855320
749312553229033332
587502966653261565
203354826220119765
1115766299456358379
140110125520923005
109193186
69442008
393344777907656325
458183459
231680547
920926073613670979
242520145520277804
436079820245388044
744492280706199972
2202038948809289548
1896609512101079540
555155120504614932
563328850978576284
2118623787445568147
371025265010162044
568626413
616239470436400772
1429966181304207699
74617200
617054407354602012
240543442775312484
202551814222383045
428041277217001332
219745785
1668728386328056347
491849156925551132
63878861
2053874507480137667
488197909367120452
1897709829970852460
463413193
1971193
560461714
1991466093767078307
1895506482926520660
301392026
119202639
65537265
66864813
1863185400251220627
2078126798100226108
581786998
73284589
280259406
1384191387932907980
1795725858533510787
1799940430596600387
1671142008282534347
1383783648844645980
1736890044886397347
509424760
424721669655560852
1639348538832415140
1304471707572295459
620266704053112572
1241947163379374299
2205632347352649668
554485368367378732
434929497790777684
499681205295786284
577868183
25882484
811300898738696332
1385326508331489580
304761093484283724
2053327411294895987
47531874
133694555
1893896619393873540
1114875616021206779
461134460
620405300820959932
684740009387302932
1960999539937535620
1885964603506352748
262411413530118765
201459819010627245
237160704
617309800319374092
257396609
744298430709747572
1542505876555910867
1541815460045856747
364262851229130972
458422019
1800681007165820867
1988122928197624107
582473675010381765
1959044186017699500
1045878452502947419
649037885906376925
501487118
1755723416939430588
391689980227815645
1641676035872368820
1706587848431196740
1669694670145917227
1692521104822182348
2016209070467083908
875075667745759572
1640159793348700780
482991569
985725612209019619
924154409736099459
2144458017074291348
1862655308728147667
558807655806779372
1051557542517463459
1861789252794257107
683263610810867932
435597624256723484
1241819225216133859
139008418750470805
266461168476248565
454737449513212085
746946044331446572
562390837790685764
2117895544855462627
2143636242252055108
1950012300021752268
554126744221315772
1604913777368526907
555955371272794492
292399871
30883078
684023520055693652
2075147818428551588
1835071327080233700
1429910954251008499
87259847
1705773160825988660
942596694869942532
554701007169606132
428827280362811732
1705679017801943140
746603229570486012
585697955020724085
647692501104626045
618788373211881412
178586840988719204
2052648195391828267
1500162042401598179
809990058679386132
1738405446394278107
1515847937246996780
745818510088261452
497621917315651444
648590280821766805
304704783007852564
557295144064192372
1928965041450139267
1516129981128673540
1111795354337761859
752928429626066644
749688070469702012
380504270
20145578
180638057917281964
2074147945280052828
2074255755513274988
1242677250791679899
1736763663148576347
1882629059270790868
2266801684678279588
1862558073145417627
459425893147695725
1706631167036323820
1639180041894902340
395231743674784405
1382911410613524140
1674410460604776467
757976814801864284
366267861473350052
716938587907098805
1435017233387878819
269198237003187805
1738006631698833667
1832919664244132580
875528392501850012
587281780123081125
1694068048374140868
1766124636675574380
1448005588650854340
1239395237631908019
329460751091144725
1306498003212625699
437674389064177684
523940842465531445
878174957592441412
813275108441874292
812796591288819292
203529975002425965
289151905
35470766
208772377
1541254061490025067
303430941
561550569
1540215361434390987
262734080132675685
814488181740614412
1899047676174878580
689564328587454044
1882019343893352228
427602336241283052
1433700154034206859
306825548
28658438
1573914576122480940
172285247
90161872
495579956
2367133
435217766394046724
266417175126206205
1447840821118822140
1176933498005739499
1863800639057870867
1693397651639370148
1705567473852938940
621384176435802052
1888272717899849868
433264009976961524
1175677506469509899
1610346365732098427
1990311895724515947
1638357530697287820
651426577815393885
492985228171702772
589308631928838485
317050740
218594374
185205007
39112792
687637372804532524
1494277608628869579
1898067536890418780
202976234582206805
1895781515312281460
1796464256162295587
521531420699223805
1899242407940373260
874022796907344092
522505126208989605
395962735899797285
1770377903429908420
391528997676735165
1434448081972726419
1959779271849052700
1307531964930673099
622411123364196132
1822751390237094028
308170904
1705629633155430140
1607727707834748507
2120469964892500307
1386766972306073140
1514968586179593860
491894851258375812
877222192150986572
2079280852000535308
1542983017200939787
2204489619860021628
267781905301592285
652263622421387965
1495537896316917899
1500220832442664939
2076268863452069788
941817388372016812
2079213511816593548
311744700
456793248267884445
263770085564381565
1832113722816788860
184492878
1382854421569423700
647343095939467725
510714706
369336675647473884
569496353
132136506
748025663739768612
1925267132431884307
590666675
574820967
241058678591309764
1047879624526079779
306669751922980884
1951080613520457468
524389510335985805
203429444190131885
241549694031387284
711786554147457685
242825461200369604
1244146015949772339
2057429460337799587
554650464000540212
2271918853354140108
2016083614585048828
1386178589070510140
2270952585978789468
688115906789771484
330457687442356805
426509011197693892
455565586384677045
1046860516877056139
1929616274633556747
620538285358723652
1242496738933155779
649487227893643005
1371274397462907299
1386067869110794140
2055096053177254107
716289616768579445
1367009159216875499
205396815
1434567324359219019
1242926782490696059
985860466638818019
433787546801998524
1948363531378536588
2137914108471656468
1368010958504786379
308019634302736204
1799754906909114907
553618598705651732
582447145425107325
68258017
578387453
1960159768224594380
691226904011004564
744602716080996012
1606242905974058907
433655298268411764
1240783529077750379
1672971057282428987
986566962262332979
306328013649782444
1576673138407904860
201210687714063965
175922007509960924
139473495983479445
1448615718797424900
519554325393210085
2075597341611143188
1864230033990423147
546356364
588700530
1237978192682711139
76987295
357318451
1238814890041907019
180313768
560401001
259282679
237516836
214641021
213964997
207981953
259705472
227893803
693246600192620484
203729846911965285
395175651781637725
1930405768086847267
371526651954817524
244576994923506164
922365474591324299
497774185288997004
364650017860186732
553714836950843732
2075907353601548268
1511038928935003700
523887954374396365
1673536930646458187
198863138324875125
244083370416011644
1705739917362760020
1736430683662061627
396079534134831605
1951876685565739108
1895731424961955460
262874611574545165
191798334
1494001892093020219
811840170850558572
918194517892822659
500784853527619324
587550935580309405
181588536523556484
693120492799494004
1608958264052707267
1898052826655467900
1883376056714681948
1112594039730411339
1898699020647311100
1606310847528173507
279670998
307061207668086684
586921906
585544663628991245
560328653
1705747696596367820
809140531389776052
435606381
646549460198651845
616260784156598852
465876877
140080953
682245797276024652
2058422801664913307
1387036992988477820
1707221538074245500
1112304811257599939
1819917257039453868
541982326
292335032
513458744
2009987034349477908
2012118223773319348
2053889973235969867
1767290142455061060
2204566555948269188
517255814
490920125
1948275893990740428
2116024293180818107
265146538020275965
289807786
1448939000963737420
295455158
1240593462003885899
448488051
1703598428768963060
690683256322811924
585944327588255845
680455488582889732
1494158794531972819
1448596343227688900
1606036852489679547
1435987106249738299
1673491713690554147
580869933
366469166959828932
1759702420849389428
494060185017761332
181869894003062884
525179195746536165
1834754596811930220
453895664
436122077329353084
1893614542918993900
87933105
118939628
144137662
651106573429787045
2121077811019644907
2118216882444137227
715617976302127685
81846349
49530833
1949301608499601908
1756533003677483428
377038557
583915736960722565
181766814
235798251
1947199951035916468
1926438833333526947
1701814850491320180
2202646841400864828
440710393
444023611
58870516
200302123
2013530340194193508
919268582257121819
2073794823249194628
238895982
1450632434445507060
360641979
1733545759001058947
92011233
264524878221543005
139270234432702925
556462342662561852
755525669980944284
2204243720188715108
177538896
53584558
582464590683941525
177545221
748363919185436532
304523482206746204
1450966483936942420
362424785740890652
693012954367289044
374041584841610884
2058037472927756387
2122026873552826107
1835156773142640540
501421371561354844
2079857780946505508
1990895816502674027
1859351074603757387
463035453
177283117487438404
190699880
537828052
324495270
582806666309760565
496022958330927004
52192855
1703486280377599780
1383986269727836620
217051729
1668244415994155507
2074179750892392188
1988065087573332307
1302206789399520899
1771001857278003660
456201996536715245
570243578
339847490
1994586428645879787
1610279987342738187
1988751110318686187
1541205191009599547
308255112396539684
181009860513470804
331698470671694165
1450160528947722100
498454764636227164
167674288
519420515211679925
1991766692204658667
1451238345128950060
346966102
63105112
486691778
304320677152856164
1388120281837230780
1673559651350253707
1046115297079552179
574837407
920602334912194139
265814036268140845
257752745
576089764
370454365690927044
329184993321253165
1669797828217663987
1894989165151877540
275390278
122800589
1834869304317368820
809648840356708332
28895354
386482600
1049206602838333059
1112974939909908099
756692510049880684
449693012
2203225899480404588
628011217156246124
330146189082425805
1897030589326121300
1733738324655690027
1927243710262796627
441980249
362609500132319132
1542287997651857987
1672882693292924467
1115238323202037579
1737521802184901107
434809550576154604
269172810
1930267484065333707
646853693320403005
11442744
1114798506388817979
1886471421939785508
587406749985573165
71575932
1386772912399001620
200194010754094805
1950351062147576348
553816014934434292
1242104803436124699
556014385496440852
1544058760956510627
306518700374615844
1736133805353197947
241701825259383204
1237835612159806179
1305099002670991859
367060111
1449334744351774900
748229211450581772
239248195
1432467133292759619
982300761905367699
2141397049590181668
1447615526100920660
1047992562970204459
459722602
753294733364476564
1860267841871352307
2075946020496785588
370109439975020924
563352040
713209872953719245
747382455188877452
1670921871538762427
649277810552592605
180884525151115564
652994363880106605
82619356
416102389
1240719207353518459
1510423253943592740
873784417042644732
1887746041788776908
1573756551302379580
412776244
388983326
1369262168927078419
1671767620726386227
363844198303445652
266707566615415365
1755975373815001428
520776618297288845
340011145
1947852902808219988
91525727
1307188457147852539
1669455228154215987
1898981350412441180
54084326
200876254272375325
99553203
496230007847143924
34971049
48080157
5875975
1830039446700185580
1832926730881853460
1760212441126781148
1756901187832640148
694230281616288444
1497334577070910059
1051207752245565859
755314049259935604
1734233602595688147
82252610
169084676
1945541808639889308
921887908080261139
1542246357686263627
393524017763887885
457416513762268845
1755701649988969108
1515902798401792540
626134483552590244
506330614
455114370173773925
939768707071557372
2011597655818723308
747229787723600452
1498379178569636019
942538409623007532
494257443776110132
1642510484142848700
1509598102663035420
263973207443073165
501907885731682844
1243669358235002499
361323857087066772
2055514416403816267
242952610104510044
369376486371047324
1831997405363619900
652600561974851165
1371116050968893779
1692523066169807428
1703305727578306780
1116011765029755579
1386145274053192060
2052593589071372107
2075847345017990708
1924426529333957267
1450113370982491900
630288999298976444
809940961151025452
577251576
1112626518590761179
1576564236116265140
1962526227136051260
1432468793617561299
683590848794488452
2140122483108856468
203114776303499005
1822669544833773468
396498002076002325
1673303217767743587
924550927225845619
369510797271968484
937872599767846772
556199134453235452
649466622788839165
1239989855037860419
435659633403439004
1608136322141954707
244309183716890524
1179777111721359379
1760479509405524508
500080332
397431176
873580882866594452
427820497641460212
1887391110623633628
1579662055610890580
924318442260592179
1708065827122698380
1929814101154807667
1180158445451642419
2057784468896636747
239494293907912844
1430577138840750539
2078876526311518188
2121919982007616187
1897550132614154940
987606536659261699
874296141888971532
241567930
179697602342303924
1691220235663494708
366739612389690972
394502202290408165
1707855125261588460
1450756675790100380
711309201750349525
356246151
151645047
488908495051149412
524549812
36737156
178975279
435922774021024444
1178587948250348139
755753248462956604
495929249
367571030293490044
124094198
15249357
684918990250791572
1448238696747305380
2207877681862934908
620611739063345252
1116158314417101419
757902458585729164
875067481326723772
139565691103730205
331475215332952765
1818833824531776148
196057456
489763880563188252
560733980497640124
389596682
152107135
1603732285137236387
744228632444895612
323465849
1302206216107980659
522302169
941609027603403292
813407447752916852
1770301860916029900
689913956172417524
1820650402634477868
1240014081717176979
308523321370220844
1992842194287833187
391186037244237725
424085145
390919670791153445
2077140189840662388
542967294
176671212
201407803134245085
1860199877764210747
373166501736966764
1382098357527050740
176863416
131761815
361784792
263879794596869965
500473945187702884
2120401912502796667
982293377873684099
434056917043697524
135692892
1884746460763127508
1448992512616929900
1540945328313376667
240943634629331484
756023151897832164
11340332
619453699857846012
1993170116922667587
1822771907487325868
648236993772550925
1238607502493420259
48919457
1862695897856134867
1176593592494192259
1112721678285056299
651905954564553325
1579870502608762980
1883413611537093108
1832224886110668420
1110797734258350659
560790160648300404
693003071626430364
1928766691935531307
919751463665039339
1798373723825840427
1883595800289620228
1050859430879856819
1862357600195698387
877730820528586772
1768723825423452180
757569500908406324
1112499903592724139
371845817880152764
1769455439827937460
1860073752160104147
585081440056265245
369405445
370322351283922724
1693192393370329188
1959497142674994980
1957924917754787500
921866522567588179
516524905
516525187
516525323
424949712218284212
521127305828173485
681239962704780932
327907714633160285
1883947057732743268
201585025670437525
208006816
1450807894238423460
2076078050528719108
1796015307787685587
1899798843389347860
177228191117748244
1834776547939379260
519471311122581165
2054107680708149427
328526983203108645
176305455938239164
1817742313819824668
585674919640808085
285585677
304896942079719284
454827041
1237443385952818819
1887948744302849868
1371127222450862459
1832655219938334420
1515045766431406500
1545361885139878467
371673090374007204
875781684907487932
808016574477115012
536009647
1960972992652462540
469838656
1493957270526617379
299602745
1176722813146060419
1546094051626488307
877879319813046252
1670314607479676627
1448287416291952900
56985254
756163329629723404
436031655267948964
1835313259765196380
328399915680098725
308363596568459084
1885617340469464908
811238447406702332
713403350667659525
137467864480303405
1307454120627189699
374365577513109364
438185204597704324
811909220703403572
1244829852370094299
744029032701837452
427160864241303812
1641694355943250340
1384011710757652500
754716316614355364
373776282183727004
1432160091678403259
222014281
2141026798062133068
985682730106378019
491355092006715132
1755727356418408068
427836980203836052
690658562755529044
131433750
1993111126995796547
394528810278098645
620171208437931692
1178129141446358739
1705972368698398740
1696343445984391028
1435672301258701499
2271484347593761308
366659839178760852
140910481039305005
138630430462716165
436251642514356044
27947819
1833691940304886500
434502886
427230448359350852
202752241915111405
327241042
1499211656169319019
201882409297250445
652083996864129285
2014443436933029948
179476354
1946944647839879028
812826764509295052
1895442161749453540
625722447112136644
940067335728607332
682765199761702692
498357850798495444
1240370626694256259
2117992756328317547
1514575363260630860
1894909186201774060
1862143271233999627
371237447937152644
1515861914654014220
1899406592207963900
243958848988494564
1758337845734883268
203999865363687165
370135826695686884
279442544
489793132020990652
1545193604150346187
1051291614213600859
1883892909514682468
1048308148852582499
876110091150835412
457660495823161045
1241088311145401019
498326696625978044
651780567434921885
1608136642195549947
263754708326672165
624856099563526804
714778574117996445
493464370107380412
1758681516006575788
1886611079361957828
1950408260415992348
1242686600263935899
1049694810648688219
1884711372804907068
1670648146628804907
1543105732276482107
459892592
1863397916400263147
571185427
1767332799913543700
1495449939950909339
196834142
311932920
59040441
163040251
2012063545005436788
245324776115205684
1606555847739711827
137759905012374165
204266591148406885
1307668616468674619
489816875076903052
653102473777546805
2014768516369583908
498412735331744484
1384273495775201900
1992610880935927347
357978464
407625384
750356668557606772
2080231548756819708
366529186204967052
1993468402014917067
1436549420667955259
497930860233591404
1383420274923816940
2140297801041769068
488339601353900812
133487106
1048340044720466419
1608307607936892627
332287414334961325
1887955860457996468
1385604120993679180
360996552194957372
201275480544364445
519630379
1543406184288595827
1692482971713158828
755624720250517204
240154244467718604
1306163372114688179
1797954214739202267
2077355130053050148
138466528902253005
243426844609542884
1497882156773140299
1577988918075218500
711706798666982965
619786066426684092
403172597
1949460547137487188
1862154624899677947
63751275
385168208
810245395538542892
1240529869117798459
621017513693232732
1382625145607875300
1669861053211209987
429542470302318132
1706854878920181340
876780398435807412
2057542612951994507
365808930507825932
2079556264264716748
622871787127406932
689265405715359484
242295827129494284
2142999659228335668
251625086
812392795398091532
328955416689629845
176975893947295684
1864659496542240387
1673825068664188547
554111644372754212
139113876282968525
1450366286122813380
689059778942326804
59593290
2074244384248762628
1830219261669918980
872384368800203372
49039201
984374322324940619
2267978116835340188
1431144670027171939
202141515308325125
938443296152768852
336750467
1607112322443604547
745423533271334452
2011837709938679748
1823769254499606428
2138530878389322268
754159141474412644
492147363140883172
1801199565716369027
140509961604204565
396915849578482085
1952214937770017468
878799909981417892
1959960916103035580
1642464861275473820
1383889508018125060
1495372268040612219
1756986811256557828
1432297192553503059
1541206607974330667
2144086297887490628
877199200898936972
1609460789060722227
1927041782139936507
265337307163551405
1819071174296649468
1673907336875757907
138580341713045725
986927388042230179
755509223362074884
2140694509526868468
1925730707242631067
1434360448379074859
2078213033188262108
370039710268074724
493396721839296932
1770793516805212580
136620052222798325
103426875
1947700850332459788
716703829310880485
240538658567030884
2138146526160355428
359184288
141667328
1797007234886422867
45126385
1239185358615091059
143369070
1580322371751372980
2269057992803566348
576587344
445167811
1304616807102842899
126767796
1927529953400250547
2271531903686771428
1759588381905891148
1961379768417126180
363627930681761932
441250566
1962051719330641660
23289581
58221094
320438551
179013173311637604
494537837305414372
1545857896906333787
1737370611824632267
1862073206129103507
1960940335792405260
618435811673895172
199504423660079045
2138251257401090788
308719431478278004
1051178612369521339
394390970944232125
2078703241328837348
564287874352912044
499782860687017964
878852884389937492
1116808818234071659
686531727087726972
1963701362261616500
1116681074112236259
714509029177596605
237494872
1365912211627735219
551992949839143332
616117629239857332
586287089930820325
579112626
202692452036450405
394564467718600845
1674097904638250787
1772194685191894660
501797478396934364
456165707768694645
713190385730628165
748126929259200692
194307012
711812085425137685
386059632
2056011249042464827
812512465234337732
1240537427543501019
27722892
567650639
746442035808817452
2078595875676828108
756421957250176964
692084432870017724
372690718695348644
1884503296586252548
1926630639716015907
2014657729869856828
306142600686966484
172724414
208088229
331031170083313925
2271806295133769908
1673239923678118507
1113206154521671579
922525756442962619
689422151864305804
582678765757609965
1896480605434173740
1705552111896606580
2014455187340300028
715582340033583725
2141751479776923748
986184114231511779
328914441667099085
522312340639156365
1512543758570158820
118637288
241654612772850164
458436215606339645
812483443837795892
754087428474538084
362922633119322132
1822544976947273308
7739642
91633677
178091204
19097090
509395266
1371296066031605499
1243443997710182459
1304362384294737859
1801990418556592507
456225723944351605
522510124541200445
2143867575252594428
923639353622989099
2121996630410253067
328755699143707205
1886084030366057188
651090361701177605
1897149546434181580
1693640101882277668
555361842840194812
436745621974595444
264586431619508485
1431547947675268859
1607959941486419667
1899418784775382860
331520856
808164574224863772
1738022725104222107
1824403706317283708
436346134772374124
564941131029387364
986500519104645099
1609884918832611747
2143130140663799508
1578958483645224700
434205423355009644
716582470194878405
628554401738144164
1703223337361725380
2119184136203112907
1818283899287196268
546667597
1758167188213096348
1178630466801264419
1110143235709082139
1701986700915579060
1735122555723297107
222069780
1755774749119869428
555325150524342492
448174509
626269285487806084
941990916215611132
1669140076335116747
1178046159919482659
1241685240797030059
204197524693304885
1690854814471958468
1946020579220819508
1639497506396866300
1447776742527170420
496586346999855724
1962895418192005220
714147647185045845
538057397
1693602242934816668
1883627924172198628
1643595886516213380
369481897
110337884
1819023072830640028
1179425086542121739
2052584653124026667
396693141418440565
182297994100045724
1924049368825253787
1689872559415493148
92025793
65058851
14929688
69904801
227924712
89014408
1884723451303415868
939833743877476372
1926088208650252427
135332880
369831525
45280340
82034169
83291846
134354851
647378028478327245
44388266
1860516207512424387
286062477
448501747
176523929234991164
172960441
2073729739933196948
289651779
618422467564266212
2140362859869401668
20923595
187433987
1640210359611586460
874673804642209972
457564049087126085
690483513102731244
1882632809824002268
318902853
2269311922896233068
752697060443736244
416054940
1821351406373388348
2204537097860415028
1990425634731634627
1735966407357185907
585275888677361245
1177811272061225139
1176209712301640459
1110392740133918539
433303473831983084
1497726248180541339
2137985650504020308
459452309
571124607
1430920592451472139
1049827339674245499
689532633681230244
1495812003718235779
224294236
434783719928817404
573900647
2203557260868374708
199677282460616605
1432309636017941099
489105176
1574028665368606300
535134005
92092247
108522055
467503596
129809646
561433030
51679470
106002985
267930115
361655972
983021025911081219
1820253752250216068
1237917166355793459
1958777808700364900
427787176828158532
1734832810783428787
376089657
1923847314211442667
940221678977810692
1448147956444703420
1799576538421302027
264427369496807685
562249553217910404
578523409
691605913403788044
306702180469725404
426926922089705532
434369826106599084
242161080152930844
582636965
488503644946255812
563557213394356084
1494141552887634059
1819807826739580708
571810912
2075961477656608908
364069405709401692
69904720
1303806288874383779
176583512383330364
39209962
681218535985590292
1668558142047326027
647268341194369245
489545373140447292
648346681265403565
1604355768408138187
125021815
304775775371638364
1669795690423000987
1703898848115045940
1372687169137613019
1177398297759303659
330667906900793045
744636836773323012
1178115046713681579
1638995513157233420
335076212
561883693060164044
1927274375159799427
1897672624379586420
2118879583150686827
440561608
2267841872372462148
491521113416486652
1113923110715197939
202859842837386885
131226244
1797356112989319507
456988796175530325
809036301127196332
1240630088187791739
2012346636084236148
360273697758052212
1830674085400176660
552287386336489012
370833903788283804
212820033
223588554
744761465530131172
551321908
452279537
542100408
367757556
682912741651218252
713695049710577685
683652551114739252
329796074167363645
811600265554092212
683409017198865972
561141419348855164
627084831564171884
2011473877261016708
1947493586540085708
1112294062432327379
546238054
1176801199784355539
1366594594266756819
649541652304471805
1923923194973954667
240003247864305644
506732973
359435536
283653209
175547501504662204
743969357429789052
872370634049728532
1757324093946155308
1543639875125157547
499527737563736724
744276393568161932
713944977348429485
562219686114924604
369747625296328244
204706741
205595724
1177168436118456659
255392297
626135410639878844
192531609
459417842
1861183107793215187
520387537996969965
809186794447368452
247661524
1452243886403042060
2266795514890149788
1961130350003886860
1371673316138731699
264066581
751553964646754644
534290332
512212317
1496664413857146579
1734775601863528787
1767166732026645020
938765593637159292
179606899702277684
2012208843735318908
178938691600983764
2118584561145090707
1238271112321853059
201583444794496685
583950531561969205
321630708
918908650866861899
2204376741315044108
260334479
391293727590693605
260268868
1509612349156342380
2266457478562602588
2052211182793064587
262256858
2202082946507255468
1734323460434997107
1735512066997322507
524883006
130951752
28300147
40744433
186527381
262043098
1894045190401504820
423968340800253612
123604640
154433943
223822650
58546560
42934077
312877656
567274376
458048721
582312467308754845
2139889195747197348
138644406460012525
811734079657808452
202320892362901485
138389189707536885
1691863741099757948
154359385
2119923168851878467
258631873
373410374
138130174683531565
2266512979467542588
201183981241719365
1689648771984518868
133516720
577868658
573836293
573547365
185840006
180342673
245873951
569832713
356094140
362564949
70053358
529676231
939956696198991812
1496950294415575459
751618764652325004
85626597
69449984
136805797
44404121
20481046
45468123
137448647
185662177
364319317
74221765
535947148
1110989982242826259
939467690716619212
581489718
538539939
875601559867072932
2139115675772735308
464752018
130961214
334284645
123263765
69702099
1881554593112998068
106465132
1895249019536456460
561869250
1769161872914442300
1045965383809096139
158489840
373942407
156095591
155502610
454661355032807885
583295652753127085
589294137125137165
310357206114965204
369940138281416884
2268109501849019068
1435321366952294699
1434938294547732979
2204246143332405068
177701755654006564
1925809292107481107
681516606958456532
391961492905273645
682449987552838292
363493050
1544648447832117947
1768166335152179260
691780621070997324
809389258927910972
1988009950654742387
747880116020641372
1987958670249136787
351758265
179797927097964924
179798184018233244
39510395
647372854817143405
712869674386007885
1992176290319577627
200184950426794765
521147416605067045
2010698612422914348
1383567959562946940
553282382
1046744052643010699
455649519679760485
497943332054473324
498070827576142444
1829810474609755900
56482538
1734643785190063747
1240156585918843499
1862822038797569787
714846381433472565
279305590
456738023628662725
264846980250098085
584307111392691845
712711831792892165
552897610
623595206898243484
355677932
144854332
2203675558191710308
553148574230945572
1046272680075746059
181040257822172964
437484669601674844
2053592942393356267
1305119078219417299
2204466480535257668
266525690806401725
497844642967087524
1692650566503149708
1368053987308042979
173865807
1511618150645278340
716261541009598645
1894395765331486500
524157277319010925
399465398
434947141955159764
690801967569721644
873846787820674772
1048115350267689619
427892385049014252
921922452602029659
165498126
544984315
488778645
303561433842181684
1604009492058104467
2009952279391223868
493254362
232867404
546134481
753331417972414524
2138129300628410148
1173914721926482379
872960689100275652
510959833
2137557024956202708
1754909248846328148
521274162963994325
985526598606715339
250404283
1177837777569638659
499483430620575564
1692849838904393908
871868356774101132
1706259835748751940
1497973836245452419
76410350
373858050536700524
429725460905399052
46245220
329626754586528325
1308011320202660059
2142452795791782468
876598677926715292
177904122583701924
360473662160597092
570459314
1831857638828882300
434827649
511741206
874573264604393892
452043267
1692635292525334668
372892526234466324
182494779
1509617543178476060
137483024652867405
1819453178890068348
231156819
650912924613801525
395491719080433445
750105097627922452
747620056660918052
1367162803568609339
564706594286679764
1896862544989174420
690469557238032004
332521229633440085
1951813511824069188
1579652474579507020
874827764248810172
171903655
72551781
331649790
624533204541384804
395766454314707365
569490238
201147931103770525
939984042486096092
2053936284701278507
1884676797458956348
1991907475461172867
1993199527394849467
813348891565084932
1672733569097658507
429010462411047092
983817177217915419
7488848
203313015
142829218
145323903
172661807
935989002900447252
680106994094067612
1834146643756165900
1949128373373042348
232220299
1884561325627731588
1109925092025026219
1304499701613844059
1114122094168996419
918458102166107939
545177068
1884373945928389308
1951402233038102548
133647777
328962131
172889413
44295694
155493270
156975961
159774703
162598420
326777981206555165
455884412
110397348
1884048422398680908
1302352664539822579
1690318784997777228
360853247
617039043422790132
872912931102994892
1754458692256431988
1302347807447541339
217195591
238007505
53142496
495503105774434684
2138542738423595668
1445726349369723300
204543354
2009749409624587948
1797834357664350347
589587228
507747988
2201654375094181628
214945648
119823020
2073563548202344988
552274041059438132
1305749188177561579
1241813178185922099
918018502814545499
346627863
89036973
2202612134775369988
139270353004202045
253182658
134468672295615005
134726993799276125
1766056391231170820
175459093114455964
258343208
261156718
2265828519246225828
74268736
73028522
74905845
1543989960045334867
1496061823239300859
750047476269105932
460292889
1371235956845230739
523683178791102885
1499985237524490019
2270624224737128828
1642652929485220380
151664530
469025869
191990559
184979393
556943321
42397429
140603065
201146196104935805
1757241843169005868
489391676903309732
435123934601366204
1960983488936253620
69027431
2265942094512550028
328790742425503285
1431487762107279219
1705328118796216420
330706662197234205
1049513718142576419
240751363151346124
1768931181753702860
1798856395525849507
626822111801780524
1640628180997171540
746160304268173812
920818798197442299
562251409
1926017792329412827
393083544547456645
1448351981876009140
509741223
228588090
327594885
168852585
580848907
1959296395953387420
241752428
1926005949050072947
571227101
1176721828974540899
587354037
1242119082441287339
476421929
439141436
1881618682073673468
1387459853636392620
938466945430986972
330701647931438725
1494600113250703379
497614699
1707946109001022020
1694459261072478108
570381474
1926371295433535347
754263951810935044
936259424479302212
2115890656050926227
2052018141297634947
551852846
1365918072733132779
205103740
22013140
871357248942723372
160889165
1887166906359492348
1702230873251133580
490573392585469532
180229002041821724
564423528606296764
684457608885665332
267050467185342885
1302149959916022539
685735506508235372
502427101
337108425
24091361
75214816
134923140
136907996
87576905
119378377
2054332463607144667
1672268215048019787
267529661829740245
215566132
96366926
52708090
136724137
125321866
175488759
1885633660597792468
1695529941783319028
1449666825120389620
874617040890684132
195186628
551700921
111717114
87077523
187015299
184015994
342967105
263707081
251832623
210849628
506206865
753474576791025244
210844312
576504838
240286295846672444
137031356543986005
451800470
198928255493618005
360221789567721732
552225343794020612
390837306290960365
2009478319326978788
624371407606646924
330294126572774965
1958358892762962260
751464908261874084
279302163
419296320
750854195109996524
560102425
245149416
228139558
211459321
212515772
213490146
1637138124411709420
1493874158636370379
2117325204056445547
329303056662226805
367965974472874364
1604420550563545147
1881867621900935468
1430173568415918259
299782700
646437669636921445
1542091271523176427
2077176259727515468
1305729658606602819
2011380195632468068
2115943214084825627
368258065902086284
1386652513518213780
587504983737985325
2074134052588720188
1575242968046684700
2206830862992867348
493477387949862492
498234026669041844
495427054827711164
435469429070157804
503687715
217148340
563036168508155564
518703771696032405
156376973
554672436
429074457
935883605779669572
1896616764290673140
2142043820630950468
2077746792790213228
1757493430058078468
1693285615132766228
618508819132281252
2013599966515990348
202808139975297605
1112465807424235579
747349822188388572
2055701342340395427
307597845551766244
1926713909936468267
243796354958096084
1369276525632604339
1734182562766021387
159504688
120104815
171709330
190858238
75234878
550427571
212635818
458213639886464765
2269828486685851348
1991863813432578747
432021236542408484
1753827017230389988
1510171858672834500
623460366530443284
871990722183832132
260561822
255215506
232608047
189319082
121987643
432805251836566244
455393261010110765
553656529121185852
178630798
192212486
186549890
1957915016531855020
1495307323780699739
1178292983226296059
225529376
568466885
744917719644946372
554692244254687292
1367805858145126499
875790021325299972
691288773247351324
326401532586727165
2011411479945637548
2077455935986740788
1769561139202222220
2268173118002679428
2012147148655812708
479761648
687697866580609204
483592724
2010072543012774068
688562141076219924
629630470397508284
2015810806844162028
2143467447420100308
685746164996493732
940850340852437212
1925754426782056267
1670567774924361267
810199498592960652
627771434289097484
1862646986803437227
500155721
563515611884018324
498900839519504564
1434905945501747779
521184917
304097608
520869491
532906920
239414370270030524
363628389593628212
352041077
394681874176538925
574862272
1451405440804567140
1371064833264568859
459823144522020525
1434621266353490139
366078231167844892
626508055528372964
564231013361629364
1926541365815554227
1604269183340167747
691236049779329284
1577069639801436900
418045007
230452504
574183591
1431621922932315699
1641248003243264660
512728468
745721881312489492
1990658315489763307
181031769
983217520305059979
1494154709463439339
389446873
360225649090711412
586606673
518389120091634405
1386188131131443700
1046264608112343459
203159220607085205
436975317219252124
1832477535632435460
176598515988998164
2118271214460571267
137449776734316965
1240435162709698459
920111237694658539
1539691897961607707
618018500900360172
1049684513730242699
2202184531550937828
1736831121638924627
1450884160710052100
1384015644085463380
336058100
128829866
424804848710582052
137338601300342845
180799714
1796212966273035827
41216670
304830406575090284
1895025770315315940
1113849430973245819
754357453302523444
1701837493118515220
1831215231493846580
1818882247924277508
211908058
134725105782994485
1754183802938667748
1173889165553653699
1445969554549237660
1894026274968156020
1754119353292177828
135939068
201674004119598645
753483847671957804
1819876293760114708
492078569125405172
243724454805694564
488907729798767292
650482717010643725
84131195
391698180572637725
176925955616426364
129653839
2010612566968065948
1693170035460170068
367825808634907164
1832005857546454660
433515284567864884
479664688
405921515
306772331
624799049201854164
1893660501807933220
458671686372031245
1238461319177246979
93757262
159312054
147093427
312293029
1757690468612928108
1948729367624470628
620612580506672972
1864966320639951427
2055032942839226307
1769423294618716260
941834281274356172
571148961
621358701120642652
1993074236609078027
455444774356199565
873117780608889092
2138171505262665868
711014998513465125
2139183367946436908
2010598450652131908
1302014112657500379
1540175816104153187
2202898617481945628
305330297
168417481
396018312
744715623818493652
106575461
713402371366570365
1691899300962132508
938087782475497252
167119155
295937880
394750326501955285
747140679340797732
434612184824634124
1768540218182972980
1047701907252439019
1382116435702794660
1509791582803076860
1510210777332726020
2013895741166624548
524909909594630405
493408061815201492
179379551334979604
1434988642919474859
523230128690244285
1885080870320079068
1735457185934573747
2204237358727651348
533948493
1178370877395998539
685036205865930372
1543019818630913827
1861345827649752867
318158082
580856783
360078405341418212
1835201307953776660
1706779010701711220
1799256786469429787
106529897
2203267965822967348
549738166
370076729051367124
1511306609688012860
359042219
1047292730472232579
1703379457979299820
541949361
2268184120663543988
167435218
1609890707139289667
1734510181722881667
362699937982840812
371450567314581844
1385101323685652980
330594750878111965
1767577995057858180
1831415865982944940
682976006496776732
361643108762407612
1239599342706370939
1639921557321656300
1895114079855154900
754231737491216604
241966075786226364
1434116634939278899
689543007077505364
745565377531380132
1896782530898810780
54600228
520551607
95671074
520512554
163494450
250190798
309211502
361041982240837852
625130172616567284
2053198924509565027
451518976
146183654
1797877069704531827
241999787595311284
531669075
585466676881823725
1175948392834446979
1240266675580078259
1691564517054763708
1821561375567781628
922451840661535419
2140116031101186588
119812454
50163695
461709821
1173375911129323699
18959395
391743254334080805
453674896
2266979521401110268
81624377
1927825971875933987
1799245184006422827
435621451345393644
362990569049116892
1642709454395423420
2269626126391369428
147187150
86504082
231264838
247658597
232929457
226415577
367445994445420804
222671144
922927762508913179
2142761726980354828
2141692133127385628
203300529494616405
1367600124957071459
1736392216954912587
2141251912537714628
2117323139007643987
306237371197446084
552329609107689012
505561706
55003137
254765648
4589369
3588727
157248965
448886765
744503209755922572
368880338006677804
1366341332597422579
541562979
1991688272295374867
2014154637712417428
2141733081552048788
332009053
296510174
466028487
351310578
159975083
354499745
184454589
60903508
175361504
429999401
224681899
528687707
126880455
582998226588002925
114994340
505517535
426897073662943092
1512941886840145500
1670570075790103187
297526240
134696770248055405
1305252360723261979
1992071176075726387
811926337955520812
1177868239626967339
2014062532892541388
1770388491533241020
1499990907987814139
328032389
1861456366561313027
2073750434091388988
2270656983093834428
1306623847504804299
496779660
1735742041393573627
1515194669654148660
1898242055821813380
290329229
140117581754538205
495911424
1638574371538401340
429808954789384612
245265431658358444
307838182788409084
1051947050521078539
651816526662354845
1800905912166145667
2143683260316766068
435015387141720684
435870169027016724
203372679007013405
1899047938652293500
1605678485974642987
1114041562532608059
1691196019231039548
1447349327193590300
503050705
266801508355016685
533571298
692812235622508284
623782788390651844
1178064132451850659
1820857333324853148
500330757433841804
747217925577900172
1991851856059179627
683107284186775092
1046189102036695019
1959321460425922700
431634015516432924
215220624
1575410464023562060
2269204347420930468
752401808539572284
2054630226025935507
370841141000075364
243030291505609444
1926152273221255467
985807462299843339
426795009589726852
1669437993876574867
521053688915093885
714396512300734245
1707894278165063420
556397962813018692
1433049841715436059
649530367128582325
1240555344871311059
501590090721962084
177037775536400044
1754310297931420348
1820632696835945068
1302243505282427299
365814396
1797716183794311267
1176133958765721819
522347124
175451334
191516048
548592401
1544338891348328627
1370984773996247699
19347391
2075293468768247868
2139666385220354708
468601993
1735899506026119827
1498280018807469699
1800021900455109147
683455365094428892
1605473666456322747
302937031
582126859
1771105377512867380
1436211317148580499
683898880012275652
1110914313480775219
1238452720240118499
125791202
434125472820209284
1770312274114631220
1704830416949176900
2054532214312583867
499243768232536244
200678249436800845
2266932055238013708
712724587305703605
306998444178908724
939577057599025092
427422922
1897887889746463180
919548276317952779
584412974683101685
265766383919356165
2139653657510576108
1667783130226619107
1817655804511326628
496997421
1604130231039808067
628908441148565404
1886227074211668748
754454754746271564
303447187021604924
1638006527617504980
458761515240966045
509124476
2118192536007057027
459118695743043765
1770381329462650900
621416225275727572
2137572788799623148
621539016559193852
198658983
1452571294694020700
812910497721578012
1446758238460897660
175511795653413604
427551217891192612
175811183906167004
437135244
263393312088131525
559425997
1735238849817838307
508940370
89879005
352602416
505138770
1366553090997443139
681822694699753692
1757752977221541988
2076444000942419508
535491291
220242395
391969125786650725
1668212919668338707
2269342407003210228
1510248748883691420
2122462843252277427
1928892311168217507
2078075444384432308
1386231079874754900
1758407339951812308
651382021986166325
156150338
1887745806946049828
519724009279494245
921815240401500539
680924472988455092
1897773638162216620
1949867028323402108
347077878
1174805060222248819
1898778320738273620
1642578489893836860
2206990507956338228
1888347505425052028
1304029216390276819
693739532124985524
279352012
206094489
163229408
2013829365148438348
361228683
203477880
32159096
337622751
120023955
402300198
227513992
920786813420780219
1960479414450124900
585111902
432482812338796884
507661905
541444595
507651837
552024950402138012
532310138
263123454426752605
579621695
523190134
121074159
127086751
431850576
1772307575306270980
1963068962503772180
361371904527368212
2076693560723038108
225254202
220736896
431440300276639644
554637148
257807038
751892635554720444
226869056
1174322526186301059
523534166442092205
1576529526847047900
689461758656170604
371718719025752164
207910301
455867936261105445
1703073210087475540
1887071850129379988
524151282044832005
649339544894102045
309764267
391673288806754965
1239315140505712979
364163677605588532
536441562
542770818
264172609643403005
489725560392056652
489661688478012132
305160440786069044
266958771
412613764
167971877
2266869690584035028
2056885504338915307
1963729947795036260
1644123330917488540
2205588664114291148
875593476345639252
500880194447447924
1898114118626907780
2080023911968247508
1577263737892136700
491853653205348692
1863232998589472587
329820484
256651832
151256273
114833768
28615956
986799834398382779
552717350054981652
2009783477114789668
454619660968412765
744182664912085772
34216719
1833360286423930900
1864527743890690267
1384785822519040780
1768149285408470980
332050126530852405
587630187304576645
1672739629007536027
1607507348349042387
424458230299103292
940717739481341732
524457925101902485
686281748510584612
372407508675467164
1950134351047937828
587097799558293485
1950596771815251828
332113806188140565
523377912498059765
1801875594425930187
308020530444642524
2204911838789091188
1895066006469171900
681846945146970692
363929342
810817987145982092
521111341037164965
1510886458649303140
2054271501843120387
1832006306178406700
809385868378591492
1668094524775047747
1497544347760814059
1830507011075615060
456242148291283125
1897433429995489140
2139715926134120668
1989716078644276867
690292934413605204
1894155441497262780
2073875062355263908
552874694330233452
506417039
619091063744356732
649146110216055005
395001729
650400525746141405
810105189773607292
188565201
437709712
527601022
1238706806018058819
1958712648476457380
139009613756196805
582560418204187405
550621119
1497589801523332699
1894813135058442380
578777300
937129015702515692
453309892
1497455671388764019
178739722133346444
430921595
304768278
329639449
90357082
479295781
1512340218596383260
1174143179908986699
938284092117123012
1732982890088706067
1733951738443686667
650340067712477205
2116230629732200027
618366968962650092
2139858817384665668
1432449913387776699
1239183753134130979
489331293122405012
1765596518448343220
359487905
1604090684458548827
185919487
424327952322486572
455252782910654125
1511230499179817420
2057351950685463227
2267051174758268708
2074229481158483548
551503170
1756759244797349588
394489614018894125
1896743881374770740
552708487626309612
1768340439743253180
617322458391948852
585935511592372125
1958630350981273500
2205145401882984068
92836098
1753969867172548908
2139391509919264708
455272241652844165
1239307353342413219
470427913
1177942791705446579
21222348
1365884908915149299
586074513717069725
511873887
491115291633426332
80766360
340625398
144842136
584891765635507765
1435417608368896539
1387046662058179140
1860128355768660027
453927745753749685
682624046692175732
337573817
429588322
263756825500842765
476824340
1692780558391963908
687488955167483924
536158802
985928299194808619
937203671667822452
1178317633046743139
751858836252023044
1539993786890089227
1833593524248217260
1862362562830430747
1449262585843926980
983228118376807099
473421054
243110096059480044
1369491285456476419
920675417207838339
1735390724010324267
618817472490955372
1755847372786393468
178454796410251244
1446714652542106060
1513506393085020460
711866262923495565
2054751846577573627
1866585680320667707
369667552
1607404083439423307
582706730
584472782
1111098206250138059
1958374284420680020
711168946457484045
2266588636502008148
333729430
521222508672128805
2205519782463767268
1897067944736081660
583835603405400485
626799330941262564
1949235342583800308
1513345374000630180
1834054309630577260
1691190750824255508
753495555990452084
1768032839794412300
2268891206517547188
1639349220596786980
1959776052524104220
1830621949948528900
688093467843242044
521203704670398925
1732042019373498107
1703875542654495100
1302005417951139819
1988871484362826507
1895814247856240900
512357724
1575946489367357660
984043434450851619
457005576560155125
457256617257396525
752989691814058524
1541397813494837787
545486719
1369717889688995499
391351457845520365
1705566682586245460
1883939368976744548
1509861579768965380
1175241724693330619
1174155138029024899
1238105131903539379
588475450641229645
814538313075290772
94467923
2205212937114063508
936929748366528652
191210698
647912684784256685
211862436
1433490908836280139
479169685
554908261896344092
508313744
581089938
78951955
545934488
328372574356486725
508571195
458008566
201018110569027325
2012502544700653508
1494433819724380419
288990340
2051849002654282507
416972410
465823028
262721995705738965
1798246527910740667
1384159767733176740
1947898771625525508
987520142267299819
1436555991336458259
589303517099649045
175255042
2205507958785344268
1574585721454683740
303287706
295049616
576578332
1637997758840596300
216771791
1834836767229491580
446670742
1367405138761861619
711401517907830365
519911500148844725
488782433764790292
49963195
156305478
1049619553740994299
1831979486485370620
521913695613425885
1114559357173606099
1367263463578941059
202246626534549325
1669511848550802067
268978188205513205
375023692
564693197274487364
1796998292814102227
1799698143677124547
2204119684372512468
1886088697831580388
243398633445566444
626503110157543524
520325320741546045
1384672025275627180
1432659070109624579
585984022905043285
1606653732029596067
586381664981920045
200230431213021365
1756219987146477788
163053475
96846184
560216972202277604
572485461
256204087
213276555
360184064152523452
537113646
265930966226193165
2267258730232803068
137530196296648845
306390649536928364
2268667216927366708
87228025
1607808705940738147
171576748
449321393
442305532
148853663
357856787
507752317
73687719
298108492
107346817
140276503
568311574
936609558491390532
112318510
205078607
65914295
2051623896648061227
111784140
193314955
48366433
146509603
2266045176864042548
538494163
40471886
318403854
1881940089262829628
1766632356576491820
157065379
128380081
456290678
1702742557304514140
245825223
5463245
120422349
27704503
151609410
102746166
1237968492742338659
224623502
170963725
21751705
179328864
361464145381937532
2137091539627573028
58064225
1497558532867737339
647866812038662405
808891026629640932
1446369792607570420
1605555006246575987
587454834
378985587
410454644
13060567
89699560
557908918
117756524
457070080776443845
347707375
754135550582667444
2205589574207684588
554823535356137852
199706700551727485
493316712
809864525684416332
1863372674569965307
236051669
138078963
16317896
1753816014776578708
2116147699794648827
253874716
259898517
1923818582359339467
1668013980176641627
255089379
212920313
1885631537850258108
1705867397268163340
301855879
61920384
1897307519444920780
918960477762324499
1882595801627066068
1991505975732584467
516249394
248241132
1303928480864041179
1926903264472690387
1575013273059625460
1384125912899185020
1638787314370406260
136337797960362405
2117350415709012147
548306399
2203617358680895868
142839602
683232766333427652
1796203455171432387
205017519
127013371
646812556309284525
497682902169094764
69518327
1174491120215849459
2116719072849482187
15940365
111156056
1959178921683733260
691014711745563404
361076252027625492
287826198
287819695
287824028
809606319754698532
550355742
462725665
1924766381976670547
177906934
196821357
219060754
184328292
223456797
232422545
711017058902657365
489221974563910252
124061205
60775159
578381162
1924177274526937507
491276944
549836055
625234568023497324
1238239134728489659
364272124786757732
920295973617040099
1883079144553771268
328530758171244685
562039913
101629581
19725927
263150568384641445
1369669769151519339
161221317
2205244742054207788
520238696247281525
257719063
239991419
304476239
247589358
239857165
238953985
496785869383440604
128448825
1894294050052843820
2055140428039426707
560860277
711087547058489405
360964407806042172
240159113
224974434
1382163158747064100
1731752854652776187
521242387
2075335788533424908
299847238
134044435
325045006
198661364951415125
170955134
56243501
745675701200023732
519007595602151445
2116596679244812227
205906442
184785764
1993298247785586907
237890914
237308882
451727800
526980963
478054866
1603922444059128227
533849386
314138954
570713859
431943494286731044
623425627119131404
1445662746415605980
2267051126868226308
1637813448500378340
576908973
2117123152619122987
872118092939559572
1987666280056209827
1769620778563942860
1240330804424878179
208567545
1430058897364019619
421027602
2055243398527664747
683251078409798252
1897220778377472500
363927698540408612
1513095448729671340
1757371865648488628
1497399229517630139
809400389742333492
1539942051481264187
231488155
303508239140603684
157957049
550640110
183008127
173751399
489263837
2141765116337840908
2141311902257472268
2203863648831971468
574421718
349638110
203527606
427360365403349572
1381457830845285940
744359301942198412
1302740474548623619
513917180
536073856
1894231018723747420
250806781
182356646070544684
1546463042859081867
1447372630944716660
622857452768755492
1308240007530752179
137070221
65871376
518497324788229885
143026540
171921255
431055687
38480237
360030858
140475742
144609123
385599489
872036095918948012
195561238
239277068
145461836
191577906
1510689548642642060
919243510792161099
455303223
178633709150337004
427419075697017052
140891681
710609016732084645
1957814098606991140
228284480
547916175
442275654
710455039764568805
421563641
1689782865890071188
2119022298170973947
177955634735029004
138790089
172727629
169486493
1668018941204696827
241800417
710457685321672725
364614986
711259925448321365
559421971515295564
456869166487045725
190020123
527394709
525766256
1795912614612184947
194711969
251883295
1302396396778956379
687873308360096284
245309037
35504255
182323048
18951674
559911698556995684
2141775109566373908
431738128123868724
575389279
2119490123034923387
747455428030226612
1703779079801191140
1691564211035824228
268421272
1366520538419906539
578222416
143867857
1112993631933430219
541625803
570208920
586665631773907045
1111400027658004619
1924021679458091027
1819335635732083348
485005629
328479137737877845
394726445079968525
1753730065311878828
138399372786939925
1818789252503297828
109767180
552010173556253452
142926197
586143376
201530478
482252880
682327778299748412
583815541
159416758
679419996565450292
368234224085060324
162707939
872952095321157852
528388726
1881554593241715388
116074878
1796223678300090747
558216876
498193554357745844
809882838051930492
146108664
226099863
431255143
550883652
1883978062689927668
456537180895955525
1949881464529932468
394717584897828685
617387019143074212
116236385
690188123009645124
624997286134707844
264747798
557019420
178101822
121383869
212967590
179762871
121461250
129804889
2137729466631159748
2077370980314739148
502993169
200971346455517245
1048836468016752379
73311330
712026800945445285
110746568
1766906765099837260
539166391
2120039878345330867
193052183
1046029386349107979
710707544653379245
585854896
1832323605351270700
200351295448152165
2080163584105156628
628584260931590404
758347424051308724
174094047
367767128363403724
112964763
2073930636352401748
424390622
2265807577597309428
1384041695346453260
1834932534073313700
1179707555810724139
1609214722491670147
1670020630764331427
370841012406626284
1831492498573056420
1833182413692856100
553432065643938132
553180706
1239983820342917379
427063956
1757836532375564028
1113684330810828339
1511294499559946980
267108857509115845
712355824636422925
984232298706605819
177606391315932724
200955803318176325
1241892207286794899
1801747508091096707
1733483605611328107
1822699567242723108
1883366728112672508
369191063198644924
559719358398572524
264074763023775725
185229539
1541784852884450987
368504370149586924
1511456802611128300
433809532437633044
515276201
1603725461103853427
362357853757795972
1820117040776162988
983806847411046859
1668693588939623987
244964898
520243771292289085
74628875
304602601124685564
1859412747018293827
1510287049748080460
1893597660927109500
1369425847739443579
266823168253486805
169003564
255743277
1948314642553806588
1705513166694410420
985286343168972579
424866003483758212
1369220867318938339
620717401740767812
1759848392697500028
2139717978327687508
1928879060273573467
552236644129001372
309652174230739044
1831826114577213340
1882276909203570628
1895994610401515980
585633934
571864980
220612629
519919010856823045
985501191357901059
201983537356929085
689819704727660444
356812366
91462353
366072583709253652
648608790955076045
691210812912175044
393018547528280645
365468702372462812
624746359930210044
1497413648876104099
199202663467177805
649508650129147765
341223641
1432490544655760019
747906531616592412
51950887
361783741767360412
1431315097769420579
367618223370861084
328586197928761725
134667162
263531466648029845
262504732477937285
2076591209797317308
1048160534675589139
562681365965154084
200231528165833285
1832720791687935860
184448913
2076797822733037908
82775534
505713883
249469996
187686290
217247837
30177895
30211300
226077516
134971296
136802545245620205
650351117083777525
572971101
434096477372872364
370389836779834124
1829844293265479980
517260908
86804133
265479606020634325
1384758634145823300
1886663809062248028
1435841815590389699
362912457640415612
141189336410200045
1737388022101946067
1823854230320283388
1994611200092541667
136545434156202125
67433693
456953865342224125
1368722042413435139
203701503619958605
690647289248098604
1047326749407652579
1511413270665964300
576884385
713841517586111045
1110421452601231619
446658167
130974343
162700132
108572563
140772376
80633211
81260708
154777779
455851165183125125
265410763687327485
1432666383933409339
1797190512045314427
216131560
984849561379256619
752119225680144204
1578709187686799300
1543529386402541587
2011772446007758388
1543593195069616307
811935257530847932
753136990880979364
1819116386086617588
810621236296794612
328880270472772205
252480323
425519849
469228249
1112559146876610459
1926734372850700707
1495718454681773899
51318091
84486217
576459857
940001484987789932
426625392825208452
1605504887006077587
1446342267959879700
591003577
178441350
496656756
356080069
917990176618485699
399684374
583402133337094605
1929620694963191507
651732083108214685
374038869367507124
461369539912689925
1111661241603348339
273541998
1241421552786811299
1541251480585167347
115585592
360342617
107665655
423664803
158767236
687887501197912324
359546999829287092
1799069761073287547
1883612638304370268
263193091792062965
520282859
306003542
2267009563602361908
1671843322650779627
342605124
751047174485059244
1498825651909683859
1695929523140353948
1642816328507382180
372497351154407004
1706227813252290940
185752343
1605026034096283267
1304860114785085019
747771981702193572
810574253647614252
1894909186007910540
689487270564071644
807293293292368092
179298832854780684
203192011006879525
648138175848577605
105547365
341391091
313819002
1733136892510404667
1446554706125424780
520941719094400725
1988212733640122547
560319339617654444
263827974195390645
445337805
419249389
570310111
744243045964377852
498573252004747404
1897130726057359060
2116001046578209347
274921492
464542118
687553883431921564
1894724120882903420
1432612834578728699
575220207
1693759574699922188
567212335
1928021913324494787
583272333900540605
197344604
1637641688885115660
573538753
554819933
165495618
203296053
84252154
1946534116658987468
106892301
151422727
225752398
1800171028300423587
570919567
2142410267491258788
101332908
283186757
680188551740854252
1768886126042348260
1049939781072558179
808362162549952892
271470643
441594760
1829868768139540580
179523013027313364
589660148
263625826784323965
1694295690452492548
371348264
41593771
352285487
1893688902433720060
2141765959637168628
582967035125499805
1692557576047628868
918671344885585539
983629849308927619
1174334354883778859
240675560157579164
266017793019909685
1495710413731890899
80411958
330604983
1541904378783326827
483289776
1733253472068947787
2204432866150412628
92062447
46036649
680888636518162652
2269441514436415988
679873900942937732
120124886
162189444
207156381
201789545167428045
201789288818838205
1949624618851380908
1606953769886199667
812603566698177132
1895905349114296780
1861848695459156747
201917482601907925
243719929114138964
371591802140862684
1447672338434222220
1950207191764472268
1608748509570839307
1435014836424980539
1638343473382799980
1704967797312338340
432909912417777364
1049094217602651779
1899165819416565700
1768546027685345420
1950945806327595748
531497975
1177249040160839579
138939232
628282614164179244
461076383
267053587884693885
1496046410032199819
199586795584661725
135461446753347405
626322731450927764
394105377483802925
1239382025835735619
1176653778620611059
2119402526779506987
1369690844799191459
488878557366157332
1863202764670045947
1368316848987187619
504358505
435015515160439084
336922003
1369007319256258779
367570022001424044
428349306154524212
136253794449517325
369421787594757804
1576266258177731260
577304142
1989796572124254427
1959012125237238180
97143454
554361162578235292
1690358174238691428
351705559
231736890
230430910
1493970640282285899
457823165
2141883815900131748
1497948094394173939
1607882304023727987
1429952895642593739
1368436154916751659
810670544012296292
319294212
626609262897281324
84520898
810798609497526132
1241476921627002979
1639729874954373060
920938702175119899
1795543390677250467
1831834295276922660
134910071109781405
1366210204210022539
555997225847242492
1702067112069703940
2204540405377077108
1434452268248114859
1050486602467563219
1818772072287346428
808804616511271092
1381073686628444340
501549727
1114095526718085699
1176387479342725379
2206270311669916028
133309993
140980247723116645
747900919763320372
392490506218912165
252827256
89367116
446998881
103165038
98874916
1704515590278011140
1540471828984885987
939626060026417892
137679342177224965
1513093326662399820
307134586533464044
1896838064943584900
137632222813374085
1109979880500398179
378882100
1819022948313489428
170293015
1797214171929509867
124608090
177744070657521444
687445418308163644
153217950
1450112542679869580
329344516085110365
1896214258892728500
332279642225710725
1924066129857917147
531583208
1862115649187032787
30606384
367973930376362684
399648857
1960514806776289140
1176495346091448899
568021825
363481816852549652
1831997521871657220
1797366489683468987
1834850871440763260
1365980316095108979
690128444177966684
554694353255371092
365154034571661932
754389617985890724
618359055797789052
1797546585674354587
1673341761212674427
245508799232784204
1609940553385730267
582424218409744005
178168561651800124
1690929155642175748
71372642
1957604212248073860
124247555
5243939
21278566
1242307110779586099
1821703722800262748
746931044856328652
921509841740666619
1705661934333204660
1540954197190893867
2052606107654341187
1450175587095767100
682336654212145332
1432081
1365949697238128979
550993260
244360923
354614727
343739719
808152300110488012
1960486099980196060
683650377897807772
1694023069401591348
1367564316510833139
193131895
687113359579204324
2056332831777067587
1450857417103103700
140102109613267685
579987427
587478262
1175181021484738739
1755171035206177428
918951491039221859
691250760097819004
1897307455630735260
2053664481639600787
426181701
1691609828874047788
1604410664233341507
145915684
127062762
2054122947075309467
22983813
1753663644279083268
96845513
1430137980002457779
2116833155796963827
131382835
755335801757025884
585081494
2200966297569107748
431825457527077644
280257355
1795936613640634627
2074610997428236828
1539841983693017307
380010779
1637865989128857300
452221744
485752999
62579232
295823096
86977268
263616854286915645
263588608809253165
291325577
367977402
289701174
80053388
185440626
239465596
1735822647880900827
1884349298321154228
1817668067092676628
198882909257938885
120301421
393177825560234525
264618869721197045
172301350
322891420
1819453907030745188
617581757309038612
198626793
1640866269106391060
1174909128475514739
449170776
2121447874952388907
587296576
239739791363364444
1988114036154831427
2118422369507667587
2138070399876865628
1173947575693219899
1801333355533652507
873181205611528892
306907246847801564
744352642888241732
305610393
1667681117903106667
243892902959704244
264226218773223885
328405850771810325
983056171134781979
687412758358820924
564279840761432284
500038497168677404
556784541349978172
190742080
368245572137355164
202704149
649268858629678845
261736952
586351701
1447356472637819020
2052468289714372587
1238742217185884459
1445929375694018460
199838741
1668762118446523147
590631341
983735650656123179
1989386624430255787
745713773723431332
1495733927641814619
1301567775002409659
439989469
280259381
1110249318448609179
106525969
2053593832486535067
491982329230671812
257389401
1732341207631904467
153879923
1767034574498723820
159124508
1176071628716431619
1495878900630784059
564208475680200884
2120734070211554907
690976846990423964
878168798867444012
619010918366216092
543818389
1639690188024535780
588239374
314809276
1833965106821397020
1885717803086860148
554392006405292452
541606960
2270885117212438988
466699764
1994277964262187347
811584463712817692
1384703441153198340
1923742428616449707
305143645000075684
373146099
814533637038539092
1434441063691335539
1372211197508147459
1112075892295670019
1242436103874426699
363148246924070452
214788222
808021766019407532
1542102596194009867
207842733
1174078095724759339
493276078755090612
1243166767660983979
1704011320607815260
1924793002628805067
650847808749778605
1819752469268964028
584017841
38550288
498399941
546227970
295255757
1821656681344954508
1768344009810606620
936787110119104972
1820960843011698828
426524617615880052
694170761323526924
2058076689002611227
2079738341547021028
362261514143444812
873232999907111052
329400431
918677736976517739
1177001680489543539
329796137656756525
345594798
288513138
114917081
264311966
871803756360855252
752703173302687324
1303398425537485099
449565019
263491981243542125
939898654063768092
517115028
938503299046388012
168459219
1703151202755471020
1881563245679526508
1820375029392970188
393592060025268645
1924873776026513347
394001737
936458286511746812
1894867099400202020
1861698977242472107
617890606772129892
938300018848203132
1862396562457898907
938363827340869492
561337666576574804
562919450022938644
2138910457234096268
168237652
276019311
579990104
571140151
272374284
573923887
190369134
257248435
1860177522571501307
616504111083712412
91657795
492701309
453478473
536273843
745543639922798332
325955230
749065344598884852
1797180941261590827
716589020328782085
1989641825332564067
217101010
139579274
350139456
1757676052005102268
89695417
105791084
1829918721133987460
544593242
618870765036265212
414523198
515221022
1110574797533174539
586445216
1450051676711741860
2055881122866085427
1883427410248920988
1369862362682952219
1884090894090068428
1607922081108308387
456470303719634645
1496593603241358899
1509392473568471580
1895838866616125140
360592060711022372
1799849361965723507
149071021
361646705741300412
1606748414993624707
287248406
1799954019232166107
425660830117487332
533691519
1863633760209625827
1113282762638817459
2141154415021989988
1897422021052098660
492217192147812572
368972404507694884
1881881163373273668
587740794
417836125
290953296
1509917092572067820
2074409415743009348
680081549436833412
1768193450629744940
1693139338527039348
747586264787649092
1497222758178048459
2141308860979969628
392552711663684005
1111229707563448219
1242641525920716699
117164333
1365980733480580779
495419950
687790338286475804
168337082
57588154
137907253
21184770
139114858
128454355
212980780
76983816
587425708
278227192
1692551661938188068
1175564038996429059
305763811614501484
810072236294623892
432069269113493884
1896360747326761220
682458229523607612
1111120292616529619
712424970867083285
1177786024822589459
177132826940463684
2118932392051171027
427347554627182492
423795237
1928048968813150347
1047838360552109899
2140647105213842028
548797867
1306267948327638979
31708845
2012412319654084188
1241537405673216139
986041220155873779
1797849600943731107
491505452802035372
1948560948860755628
1861921500070146387
314591604
155616874
233048947
165316642
174533338
67078219
549949031
2051807506804891547
1431063417905612459
1174270646062970819
536470069
1450788521697516100
96384068
1944964948272017148
571995110
327099352081721005
175583717
487456551
117613065
489373815
590520098
1988917923226472787
923026484456724539
1886200445191651228
985913602784860459
501315436515068364
1930030291669987707
578473740
177714422
491228748056810172
1860281244863111067
1048136562367805539
937802881868522172
555911429
1542751297015636027
485331652
433132491709344524
499366374212879964
1758070764248650348
1990555397674836587
562565507
455055560
556481465
1769151845768304260
1834009555795896980
745087890602155812
488235170934301092
2012125909868638268
2117304610104086987
939598931945726452
1693412132172321428
138693284
368288289482778204
1860917588104551987
1543393267820474467
199842378821454085
136273292860504645
1832937768817735620
1384004631792076660
199745811408615245
627013275973310964
745417701704671452
538137781
1493697250209945339
2265955986829099228
349342670
1755917553190330948
687764496482392844
474655755
587631685953624325
450504337
511277575
2143654622104547628
177146176
2116083279901954187
38818598
1366657579781151339
2207411177614675988
80159928
1112273193491097779
460270661349444125
2013348905484648068
1758003483975548668
456418765882660685
1883794601193628188
521223833659213885
557274322
438624157
490412908048740652
393471022137903125
399286245
303713505
1112240682732963659
179109449229420444
141245458404296445
1050819888257607299
459371176738884125
364604419460124452
342184684
1707404794759177980
397047144813472165
752882629988706324
649059575391401765
156994546
533004224
168008684
1046658293522503499
138782134104418245
202570148
490549863761744572
80863326
1767565621897471700
2053210182505566707
135315108348442325
1369589987026892339
304978227943102044
1495546317709936219
456810077501978365
1494126207339407499
262990146929895445
1366054543674174219
239764624181398284
1638695850220390100
710471323495021045
345508411
2267411514258996868
298798121
519203116
2073859686498153188
356204985
689458525981416084
92856676
1174768770162493059
434646345
258106894
1367087940837776059
1989809362371125827
921921176755128419
1756695783650398708
521632652053243565
648196711495051725
232136811
232136098
1946089357332513068
508985199
1510371527411190100
1638499129685514020
530956348
153686887
346194305
1897171959752775780
429537037
1539971996376239947
1829835722833910300
239590948881844444
748724209116823692
2013717355688357468
294838527
127516173
286792359
115042008
135113908
258751438
124288738
1430366673977559219
187278899
561000384
185373519
1693012095738851228
134908814
40058560
230748345
133624187
45792458
140845486
530518593
108232871
299304877
539867794
72759586
627329902586210644
1796649335671472547
1671117559468536547
272594621
473036340
529543046
647134445157443325
1830309422147860940
1446375715828828460
229199485
235800588
1755209682291559988
983327436472617259
223850686
179272954544789964
95162924
170345487
48897582
186780374
68096188
11452697
233999039
211777593
165500184
189818236
159235449
211773370
136149040
168113885
457898374
61058247
44511057
428799768
56442893
124981372
273172327
104027773
262681707500345125
213460332
422252759
1604118792674172827
434718452
1755543858772696868
588483725
151774404
363667678205837132
303830461435889444
446428323
1112878390010644579
1511030151628461900
310973100
1755680638766727828
208843108
113866951
512979462
122912855
194901009
112667549
231746582
164078649
126731964
378606492
86715691
358599828
533418288
590546925
304560035190564644
2138365664485797708
1369092606087935739
525486147
456394081071110765
332516157
460047820
1946406114740993868
498937626805991884
1495630721104169659
1115565379251824659
2055265824771023387
241556091395754404
583021044
2056088132023390427
627527673565006124
394656556747310805
938831648948580372
414839840
1510962086607780220
1110307390501099299
690766550412518964
2055402325010669987
1495656386524293259
1960354410304297500
1240454490529310459
504380479
681739086484406852
1449941256838215540
1174086578239641539
713509016696121205
536124422
197802805183309605
262588392371574645
1734830651961622547
187550844
1832466620021402380
326582077340350805
387340166
138420634258807245
921868158335150579
136995864
243526314024187844
191535568
394223283799660125
1540669364552736667
122694312
588213863
163030675
273295424
154491554
688004634577537164
552101579639837372
1539767378350952187
2268090987319922628
454705945304603125
456883664828402045
620549736822936012
85302480
121569862
367551693
417055560
1860712655508410827
460382723
2137591085930938788
937001288040251732
571846077
711280268984162445
1433417350305884059
1540759743645585547
515687462
194367153
359212654
131341972
325838299
151925059
2077164092398563228
1863013720095613507
1175599528199997859
1861999714339873227
173897978
1861870874607300707
2009666450408931748
1574834344345548460
242674440130730004
136739769760917805
521013344644737125
484423640
1305651650480567979
93509398
120028119
202200856
158871480
112274167
197952033
518555136242858725
559863379939661644
367479021526596004
553234834
501048525
243100009090689204
2265977347368214668
147326642
809313001001500732
1898243871635568860
716330299683477525
589028470
873336207360295532
918747690822113019
307313087365515044
986284138218936139
2012632431614804228
1831811824358901340
160789169
877318368807821012
244826623533451244
1924402895251570707
1770380679283906580
92375759
136298197
178562281
116494292
159830452
118167067
82510450
198712351721252565
570131228
553121409077891412
1690252666218958908
161286221
1604038448030445507
200687537
1539719126890118707
1673853485957767467
493731456530972972
1929597682592637467
396241563157571245
373549879145785964
