1579356276190689940
471578695
528646014
554790983
2074684593718714108
628029660711716484
2073816161266146908
149783174
166882717
917905118590843139
1884121406966243148
427998254133747932
28811500
30087486
394444726
1766348890314659500
232237041
1542081073585779427
2141873763734684068
226271156
266706109
985863912083528139
259814947
262823891545872565
437938672
223895991
497614082972883484
500001309
176588367815501884
2057001307016121947
494595739
210711889
295587387
2138153909483778388
415912344
809514239118181012
747152249522061092
478720859
585953878
167478231
178658060151813884
55032744
228250623
2139744408459727508
571019655
754401988114315084
555419036372897812
1179259397578967619
315940338
312543336
206838648
124431087
429448400
2265760035543134388
1047633439403325179
457001858201810885
1735908890379911547
347179064
1947478753674334388
220737843
712426104259139645
1957453329134787220
455089407659301085
103027128
1753712330412945228
439810739
812407448291050172
307176830463063644
1960987076016507620
563502374995585444
102631256
556922665740337172
814236872260022332
561958388
481454634
1960085276060497620
148332973
1382855693753415380
436288316052957204
328591225442945205
181810017
581300160
1947760611550281308
554209203118989652
521533608255166565
2202703087786877708
370150856
406113326
2116699743093752427
572313046
647766410779818325
395112749986658885
1962598260874578180
1695146195303128628
1113599284120750699
1690476990302568788
1796325045750714147
463960854
558275525
1989335963958571507
570691217
2202450464781569668
1988003579061035427
2203458342339514388
134517004348012605
1737857016331563747
1545473141495922227
309744749536528724
266348046664566645
560718428246555284
199594229456779085
445578472
1307932873853717099
624261488819205884
142858892
1110451051756902099
497914230589917844
266811415582829325
1898689099788974860
413812982
877016672204849052
1387077768210503780
2077687199782064308
985384657108633579
328332060
624888139185875564
295624999
2270405747817996388
1865450888548508227
181766805539252844
462817185
361221459259727692
500055492396099364
268329646074210485
1608861432515658467
1704530854831912500
1705179494615890260
231923280
353697293
2076701168606752948
690380692994095324
69689561
173329980
987131375431813139
1962664403046615500
1760090236536659708
652766383358162885
140247713378515365
200933594
1834511571955047020
1833508014662092660
745385349764023052
241534389609088884
746143473407372892
1109442235706214739
811004614004108852
179641694625244804
1702415509374494260
1495464808472975019
1800939760123895827
652768627075569725
556827231344873172
329826056022739645
616448264295125052
1606768079019573827
361535319868322212
403811358
216630663
1859877768505684267
457781381347804765
813174052842708972
1539954088624672507
876653601961931292
428520682170703492
652052798071814645
202599717872667125
1366895321810053019
1669495452916666987
692957778396595964
1051118460296510019
1993699390540709627
812919648412434092
1899853411365611900
180846567134706364
1768248536479549700
1604192003694522347
649332295452433125
199104524310616325
144182725
538908926
711384034187597725
474645010
1926093817439510347
1239231996351682779
921179205995489339
170423608
1925341554934407187
2205806191929991268
580254872
924561470619474299
340135594
308044174657377844
135540257
102631781
543912577
77866274
1177540279817124259
941539878887801572
140450499937060885
1497111239314094059
1302220748072949579
148721196
204336625781745405
1385012873304852780
137807471918332085
306849565338650884
393763687894226645
1897269762110147060
1433292801261885139
747026815972728772
1576229451691038260
435952366
1639313041349396100
323912540
36286152
132654658
285017224
149517211
140160068
169369768
341451010
192830629
326388057642605045
118238910
118354523
544326215
1174715806382130979
265225248682502125
1831891734756649500
368184993833765324
985787685975132859
1734507912458805747
541213267
810156937589113252
1735406404509462867
1767650520849212980
1797758377485447787
394677302326217005
626373960441862644
1386070700154377780
1178926006268877419
438312344657249884
65905261
1451796804328417980
752251908109646084
1510343252170803700
1885856404548907388
1541130409894494227
135757249705928485
49267100
480783777
228562576
45748905
67752759
146546171
515626156
187316897
647567438242883245
263412389454751805
66815522
260332793
365246856
102012918
102387359
74518609
60699139
1766884227511285620
690849037839263404
554190437529628292
304232263
242495317013960684
362239086861484172
1496069011600844939
493788866
503415429
1239308804446443179
386556524
386558184
201395128828053805
1637993700483717900
206654009
326885522858297925
95355581
144373693
982603821847952099
583268686452557725
1047090302885754579
488682554332885012
205891164
170204821
93038172
1759747430646447748
420546269
240242032155408444
418374975
1883170055457005868
1926769073613753907
1511042025457408740
177763234472024084
451999890
1048283717132687819
1894943710512076460
520901582753409685
237905175
265972473
690807639521225324
1240458059976345899
87517814
306540237769078844
378038025
364990068831752452
1241634369812736699
588207294
191903528
434260392544262364
2265892629496639468
540251029
1959291819092961980
588207349
365750181669035612
1367334369341962579
1494230363066644699
179456822
1116130833555692019
91357126
81032726
1176242105770179179
239502283584743964
1862825419482800547
497993859
73172549
345220567
519695209495578245
187312542
126088152
744442958026924532
524758823
1497479209310034419
204300446167189085
873558993723441812
1114052540803799819
2077115235935776468
439554349
1859985354400862267
1047411464879073819
1511293230767606100
2053498267814105467
433224709287614084
433615742648285484
588182003524225125
620905287166779052
1823801026583318708
1898672063356119580
986886193264220219
2207592507556323068
1436175703521188179
488830321956156132
1383439852194499220
497717192457201684
89151435
381510996
872487089006784572
483798194
567532738
525287217
45431842
713272584350255045
684748043804619172
1241584156088575619
1757722307789139628
202234431099274925
585623464
497291228726318884
348603271
984039121129687779
651566003837241285
1239059907754813819
570023339
1513664192242124500
553492144844972492
582540853
432116197609969524
1604650106531749947
585102383
332299528998898005
1898210146131855460
1964246151539803900
617479620478512852
547326487
425941657974690372
492474584506376692
1757384746630463908
1112842857160263939
543553835
129340029
508437098
190931729
431729584063453564
1893788566144398940
1755378709766483588
57587502
499597049
1754559051506188788
457777478931461725
519599775
1960477061297203620
1579295662839818260
2053475977684778707
1173995636217824899
479783447
503073200
1861955105720209747
185286845
223899579
920954802084198659
521552914431944285
1961281160756766700
393083535963387725
584273145048091165
1990742171549011907
478553670
516206897
1669354286074032227
435278297
1668129081216360787
145829902
327842517325380365
488410982425280452
744386265022984412
521021718338034165
433790799865022404
1863879740867616947
523716251400485605
1604439504323719787
305705430559074524
2054869609034519027
1798544342652919427
552340505
680091093946663252
1431754403568118539
1757240234222747388
1733978534850674867
70275875
49311299
147169255
163093008
109404594
145319543
1823827201051333028
202061434022979125
144828198
1112095061892188859
1926999879568478067
687993840436926844
151147696
560633972
1605614412700684827
1511547803842734300
982433716206684379
1800551112430686307
748388060065881852
523218285119268805
715259612247005125
561789935120820804
249848389
279580959
180672641
1110671690431497819
304279818330815044
1046799614891141419
1734300295963701347
1706841056896400140
401017776
753489502536689604
170738264
152876825
142015929
153543463
151462182
153994432
649711422191602325
1961983656101735180
1542667696420466747
563383609084360964
1577983617933629860
1707726995859609900
809521222430809692
693166852697340124
306176439
219689243
75316981
1447789681527736820
1731898403072893027
1882083801200406588
1820650964263333508
147182458
140061290
1445329607446681620
195317964
43501273
2116428413199782587
519189165737662085
442973348
485678201
807545224902254612
203868084
563031714375174044
919593085608929059
391920573
586057635
2268109437843406428
1240129984985733059
1541373593528700747
808078768438648692
137364157
375346453
267360591505967685
548842770
2201883672956059748
176124041415010844
1831223928243681940
1447079343920773740
618765385433117412
1110141621687695659
530759071
1610109299567014027
1758674824984342348
1695343275043094548
1900514359978546980
561731872366147724
1758546677386088668
1899983699418060660
550000195
684558818943106652
758160525171227364
1884482800930726228
1928416062161788867
448746756
1835682377196657220
434763116192836004
588042448433281365
245503212324132564
355750180
1436172016457984699
500957695144721124
685237151403487812
496497697263704804
539782229
305713432865715964
433713574667209044
2014667671249789628
1802155917733470187
1899790337934960740
304693516647348524
200449355
757393159846181084
2078690769624977908
140861088791558565
1050330417327319019
1989348793179495987
1239267997500713579
2012316552734424788
1758124295720562348
714562505791576245
1371869327951738979
396733333037737925
365729106243837932
920912113672407779
1797096219885027907
198410489725241525
987865651450030579
813831541899231332
876347362526769372
2143464238544723868
365638284275289812
1993487517935895267
874299508081979332
1580121085747291940
556657660820098932
1992300106663722547
651485109698463925
552573069375598772
1575535725276784340
936064244656177252
501602004563994604
940859524518244372
363681129175560452
205171644889810605
1450981497992816980
1669461352150335707
755868558738069204
267654339906811605
436012398158587844
229630756
1114357045606554339
373512388214155084
544317363
566179058514131284
1835596782257613460
588414240787913165
332142130822846245
588237424899017165
1772563647878358860
436978593616328924
2142832855032966908
1386989025637140580
1051082643348551619
1706645068035041340
877334986439238172
628920831349807604
1368213896039884339
2015633752380919868
523792152137263445
1610146398959055107
2270196232632926188
1435813145141156539
265041316712904325
139330309438880325
1733897124914966267
2014444394357772828
565339210744080364
690198855901538164
587913774347946445
685936222596289012
693616872132553164
328191252369311405
1642702029252700140
1959273489813678020
1765876354415339340
1732069211538383467
1579959218407926540
1307618273199114499
540282301
626431275421333764
1767676138496993180
268436215185455485
215908889
123429886
203457490180716925
1578213077600717100
1179573477581465619
240201384353367684
2270808842234625788
2058330442276323907
585210505106151125
743614048096284852
1948718228451955268
1368642158706125499
509469386
621031190676877092
1946432179486199348
1542620972592488987
499000848171014764
522513114748934925
1242615020949309819
876535331692757332
920437188922767299
1176668289607915379
1368628028718028699
1515236986213529380
1449220731208632180
139515993143137845
2141566330398895988
747662797575626612
1450986435429161460
137643209457444405
918437754130605779
689340938963626284
368157009257069124
1604137053206315067
1303538436658902899
681355268091277172
2268320192757751588
137053601597896845
489843771281191012
47444341
151372734
119560419
118045939
2074180346556264548
76811036
1606478691917591267
1512200321653094940
115074892
1237954973793249619
216170472
521139229
153827183
462699104
179199744548890404
498894531680077404
1756812713999987148
1543267873207021947
1861892970786644507
1573853162123232940
1734669784530485707
462377643
506949194
287632299
158120342
433159505334790044
35549048
920432188772690459
2119057235650694987
369615801165379444
137200115485354245
193576581
140215016
647471737758480285
872669111347925172
1576704400099666300
1896648288125552380
2266832619149591108
1960640301075651020
201030359147915165
2139343542254830268
1047674335424460819
179082941
176211199
2009621797328088668
290199543
178925879
96912036
1702596255958927300
745514618009669412
205042200
1430079647424993219
2054320451713220227
1604148940466946387
76097182
28121127
76930516
116551037
232819771
360003767
208741462
2201560876010098668
2115755881897402387
648702183276488565
143499564
339799677
82080413
573165030
433070772149172804
753873634486380604
1381834723372103860
184268244
320983886
1767628991224330020
103862011
1047880834544916739
1925696969441660507
2116453861261897827
920153708961659659
67876056
392423573262035405
21537157
202849217
172418156
175020235
4291643
251135962
1765606501158184700
683554706971922772
313910390
355300571
392221428678826405
1818222640873606868
38224307
529278616
247495541
176009075
212685380
755278221520431644
1577364428711803500
919367999887964419
434790178723006284
939187171949698972
555547542900744052
228535165
137353162413430445
1577462184743905180
2206653805388034308
586400918
534856601
331146269000710605
426212209857585332
2140777980821455348
137565731960305765
362026725865889852
681919653065982012
200472884568029845
623375263663274484
489656761142239332
115034627
88639434
1796726082748530707
1818729331399631308
2203295021724028988
431965594863417684
263785853812660085
711527332589103565
749107281676091132
1384771741156587140
552675237039603492
76860350
308284467021400484
139197200
218199298
290892381
196437518
161780326
76615925
123355760
587593509
336020361
94803811
99450884
176437801
77106904
490838943
2010764113691701228
219937279
89066345
96165472
42652311
1888339862734143548
1447510685788723340
1704818741368944860
1859666605402001587
362703651339313372
579437148
418504110
583503107
229683298
122618079
875018975170466452
456824819178031725
746785752977601252
561789989665716524
1691568038526291748
1796948480013016667
1111679842351503019
369220789212576364
369093539463706524
328040764204836645
328041131115382605
1606139825372888707
1883882929279152868
369771200868337724
1575732321359350460
1639035442371205740
263169032160262605
1865067518461984707
1241144296090696139
548726387
531464748
92876778
137588280
152005448
165420538
174032994
143347055
2138512213619048068
526822378
96076348
57413558
1115108435560601739
219331523
232260045
27420957
71770764
1755215388371222668
433714122
535188221
290647877
303750685839796764
1173975071438981019
560732810
434422963133487084
2201994274459557868
1990259936160698187
432619577353611204
1303878354754038339
1446824507051038820
240543383121250364
1924463613737771587
1946639385671835388
136669801
26332249
1446026861017324300
1173877775782348459
1603670403794137347
555042792034292172
616631511839056252
124934901
1111178659916052339
624646800316361444
2010043900446056468
983031553770055219
2266960493323480988
2053093906866147627
1830568668426905740
552979146894406372
200658938301938445
1962374871390874100
1731794738765201467
1494879022611139219
495237889533201044
443248134
532060054
2269836574929706988
85585056
560296614222096524
122016087
176540538833557364
551561522
360581083544624772
1882117010151313468
2138660447383810148
1947515087082139948
221302327
1924156571096649307
1690127784129630508
582731673
1957598980741786260
1859841342015910507
615803609663557612
182466761
346841849
482851104
1670216340355780427
537596475
922851210728499019
1964001680038717620
1306922895140485779
376420493
941604264000438052
1993928218467729787
751951249158130364
686592370355290732
756417252662360244
2080144273129669228
2122594047450677987
2205814634139270988
683391171585565412
1692252901522198588
395319271925439165
69570292
619146823274279172
1387385095438060180
1497886271955733259
1822151471717490428
366050156550295932
649133288710866845
1881286535313399988
1757926007192219628
1769011812015196940
468716990
1924299212888977867
1766082693854177620
83394068
287880915
757572410102216684
1111235154275645379
308499026106845684
97036626
38987321
384384149
228380517
1994406232927347427
813020928529334812
203569270860233485
1861518460511510587
1638581863813622380
564767761221617404
1862909807472837387
170599290
426973943381164452
715818275170269605
584948322
1451725921825842740
878340460944043732
2272204593346838828
1308154308597913259
921713844371465939
757642975634561564
213030845
1371020030415411379
245402782055573084
460652547
2203098530511311188
2270110365537948148
1861662431825010267
1924770165746639267
2207191925997150668
585298234
1388323473185761940
1244124038502471859
1951086397103259948
1643690989446482220
1430086426533427179
2053252687397060867
1513062731596667340
1988005192029974947
520673965427513805
76895432
306257204220545684
522372031093848725
331788657242937165
1114689108519639499
204390930832349205
1435766398623242859
1959479124074813980
1638403743743007100
488492340
1835905791609641420
1500372139771832699
580916865
2016538806455164788
557164017
572319178
1542830560529624867
215775712
717115920539572925
1994015291253464907
120654903
466902557
539942724
187681453
144652712
492999889612030292
1431882340765522459
289593085
500490095
504803753
1702193290387281620
293429404
480674281
285024237
192402427
1704179009677527380
693279342542157924
684419809880072332
694232747106494124
349398181
425486179524677172
492067988559490732
201232098
575597904
1641582901826385460
1050722956864808699
176727210
1047116645627116139
517316000
1753710012590890708
9614243
31597673
348870904
523819153774638805
362940326
520447963
128972998
50099105
534292968
57189950
2268353517256449988
448925224
367986953918061284
459553233078913805
286107980
2121510632842867267
1051689679425157459
106149456
1833727822790932700
183943445
185412444
538311494
140788492516071325
924488276804781779
63429546
2119177214493810347
2076212676860919548
100884974
146924971
204392284
1767133768430704860
2266883690541703908
1754521695694839508
573367407
395291683700906525
1963400090761328300
757765091218786524
1244757673592084139
179410317423540764
1574443734418033380
2057407786855989067
2121534712717283307
1820962774472470348
1958283287847249780
534291858
40984138
170635958
123733848
1381602150427289220
716926996512570045
329464749012896045
1578805279092398700
1988847315018579787
577684138
1238572125565225139
561042479
573871938
78667064
10073579
1579747608321545820
1899422594901043900
241753546409232804
330364073349577285
620306628483940212
489726438890524772
939196934930645412
1702353450869728980
873285874301509412
2204184391817596548
681938300449841212
304176644598237844
571479906
1817628119628914708
139988240
1367474505359738699
1577043727744542820
682229331485970492
1801916424896646787
982484888757094619
467942314
649214435164104525
984783682499368739
138695209878902525
689873004509066924
1731941029618537227
432507510328900324
1893517132447795220
176741229
308442020
217896709
1366817723276851139
1497135026240973419
681268797451293212
29110538
391422609226758565
371467493376047244
220751736
327737345707997045
113159921
245094763119950324
59012220
133925990
1178941693640857379
355429084
1514995414598707060
1831119765066455500
1176122520016434779
307568370362436124
2117063472443118027
371503660006468244
586682707
307788346905115204
550725989
520411415003347365
1884299652104798708
367947279
372784080668453284
578050096
558274199202148692
2272137973265072548
140462357
750077097074635212
169512343
2055768300465103427
1577161148529489700
320977979
1962304466858219260
1603645126281535787
1704273347753380060
75124725
1694400590779527748
1637945040122644260
1546227464109436867
1046960116189582979
10690201
1831404960694241740
489951156656873772
1639232218759628900
1516515153477458460
626331656752768564
649211138682907365
1367196777109063619
1432586501195479419
231201256
80288456
183235214
169982404
2268915249946063508
1895750812436388020
392676100416805365
1238150837819422539
563421998
2073548157546099228
264486445839858445
456691880
2268129647749644108
756280555744467564
161544705
169741208
163363974
360472687440064612
241171160
331931178646636485
1993229667465084947
203038287121413685
244415053461592444
624202324477261444
618947689598513852
38124868
318117392
386265849
342539750
1988692175350714667
693028150969063804
1608069705450058387
2015904015654043788
1886005828957073268
1894302836325263700
1178876988662179419
1174513143561165299
1928485984316182907
2054010584383419107
370402788
391912147561171365
287184844
876211146402906372
923000734285813459
521257673455130445
522160866132997765
221554379
82941892
215569113
1579045391783720500
111406136
1450857990485985860
367574617887176324
201678449004038325
322176466
2075597213922664708
287976510
717056740128487045
1818068739974730348
1495763103945616019
1305441674032056379
1385208420117759860
1115422693383014739
1448671947984885780
365322353666998052
1643604248851609780
1894072229958175460
1865367758568583507
2121499745090981987
811747822099833292
306670855881140764
712138067862554405
625306265136114204
525080911
1640810317965793660
646819512571214045
1706167421783951340
1433144773439825779
1242350709822024019
1511408116477798060
544441442
1991706217018871987
157187357
285200403
489362210793521132
141042594356352885
1819270166672396228
984003507627387019
875634198004518772
285254243
499149268423809564
563810629
394647295983744925
1797910746294939347
2076172520915570508
1756838065979302588
873689039176834972
1755561198391718188
1958300534653531700
535575957
1885383237728678348
287996008
182851879
586605475123657405
986183112581847259
1732258624629690227
117267522
195607161
1737866133535264347
369330880088684564
875301423217999612
574262809
280445233
983837578385827899
541075809
390979586941056605
1496970512158628339
1110453701772236819
1114713347374212779
138120977515260525
1834818405517280820
690193072835241524
576240047
500832330741663684
230673901
1733493259900019387
1383827923735172780
623946279671670404
520636495417227965
2137803659366248108
1829691279935867500
506130020
262835327379933925
681350614442197012
1366205583372175699
1947751539881607068
1446086166325893220
715508590687156085
711429309102168085
1116027408752629459
1797125477047861267
1821606267332292308
140920684733343805
1771083539740600140
2058151651366330987
716332955406690845
1516137454896097460
520016835466471725
516452088
1180160032464681579
203226888722929605
687660103134849564
1495782709687163179
1110604841594828419
1540191553251934547
1304429156758251979
810344913511841732
1705605504369060220
437156705
329466905
504483329
1176443809759610699
119792678
2052087290182545507
291402411
2056200746245623467
1768630944226928260
363347290010529932
436123149188019764
625774006938158964
531750970
197559953
1831944853108254980
14928850
2074303755680288348
489271895802151492
2139840558465077268
35614109
1046010323112642099
1239953652311132299
1302075798385919819
745652476449964812
1448392253003540340
328476513488902085
1733905134748069507
1988682914202451827
570830321
2139373037553102508
496750032382368244
1820158863455571948
585335889890351445
1925207508175086067
1861522873029092067
1540040345863672107
137038735284393925
169487875
433452202719013364
747275331912610252
365904342
357830873
1768891213404928580
2057883427668431307
629781824337599004
309970365845879284
492225592941842052
1673461471143580187
1796012699391172187
1366251021425244299
1767499395244513140
446607238
141313706
570777537
188916329
118172518
1945943990907588228
252081303
1179408562647726859
2206716613757288628
1950715181571289508
459159317904553805
1238517821963110339
1110457060775905099
873328497343106612
921640142965811979
519946915824686845
1383997720057395380
137145931
1641937202470656340
1387696370260470060
497257582
196173798
331607589237192965
482211538
217955331
177480766942890644
433381234645100484
1767407354740480620
691743362475546484
305229896189528804
393282785024784085
647795216524540685
434894264982533684
518264598
456490449299973965
457800574248843605
2119703875959144387
1672087683381834227
243847801241996004
202283842515850925
1897937052607232020
1449699765082122140
2057935730299424627
460327029585742165
1371255867788462539
554324749849935572
814187253066883372
493327684597871252
430671208444670732
425069543852408932
1836194269810330300
757979951723014524
920947554329159859
52232312
1047408507142461939
1897155864294635820
136195568
78651402
369914279681460204
1834562499586160820
878731761070169852
209991874
1243255986135254939
1383518378240870220
137501106183523085
571947846
1436056498187417179
2054342698579099187
1883558635695054708
524594643087283925
877404876555722812
1435194137341306779
360287027
1244428842807900499
1307051395852502619
937320566746345892
261664064
156569918
261565208
461101704396110365
461209761
618838474379763612
370621846
1925856020910338627
1048325615888557819
308101530827639524
424229915694948172
1757708052630622428
649016096575187285
2120011323320577987
1514063253237648060
1641966703813559940
561682843831814524
617527291178319732
265904283136580365
1735541715033817667
587727041
753708670799243084
2116752811282096787
687799512014956964
1689666255312990148
1243616333204961579
366099842394468852
327401023
1173695976644454019
405228172
1949094346471026588
512183665
550080459
518247977710291285
811766364207931492
563862968
221946644
297330661
743879004738363492
197479193
249147608
297246996
1950928565267426868
1958215922434467380
162762246
1577193736080435060
1817749511779258388
61140052
1542238714776240787
1668733877562196747
177754978187147724
920906146908784299
491770289719776012
562911480356583324
364557844036759772
454387982468900725
623746973529381324
229775615
1302740581080995899
134942309227710885
88318028
324073982
55374509
1690517886685892148
2012325623462105308
648439133256873645
1692132781960245068
1384197124972860980
1668440639001776627
810943324627362412
1949092959202583268
1769482228990699500
554518643324956652
408612658
983550191760947659
500154179
1797733227641213547
518984029523380085
616025193925272252
876259456778883852
2269903578586022108
1382016260823275140
2118095496680706707
371295068779874244
201294387138197965
201182021178230365
1174579372889446299
303130311
364226550846882372
584137164
67794230
152222027
359884061
178771896
1509672093763102300
302026839
275462908
1796050063153840147
367934029221668604
808709666999857292
158418803
87438474
918074901000100499
169493915
1819997457416081188
1957932932146247620
134631866
493863127
2116146468495454027
1946558821368127148
163509472
2269928322119425868
1543686023331095027
1304188720446576819
84240864
105109519
872384741374554812
588502935
512025784
1114877114838025779
230627707
1706920298936474100
584108988486641805
217327099
1830131366999603820
710693074608441205
1987729427709165187
181909853
251551234
1988143294938349547
588672270
239253589
1046860041417656699
243857376
680863244782600172
320295352
709995343359657565
590572793
234566102
16818837
1638076715721124460
552932424
309544499
1238013301528155859
430262978
1961377306701977820
2202845912927695028
326759617594640245
268050893337238005
2143251063993806548
652700834150098485
476071789
556545619
262640860705020485
475868409
1381977993641584180
985222842887588379
920708064095016819
1881661423169158908
106569204
390803194978474285
306529586039506724
293728918
2013274791685131828
388707830
336003444
754406437802481604
1883807338355273348
922695474126469619
76971345
263429113585875205
36719912
156649296
9438165
198283433
173568337
133622481
1821750276254589468
753980231806080604
1704319457754859580
627902505468708644
61695755
1513108033682114660
2014350488649474588
10276936
1539090
480810617
918253726506772379
2053296935135203907
1174664894401832859
67161868
280705448
1050161986623806059
368806932737522004
1641396895590431260
1366108541998664459
1957070869549578180
1923740058968813227
571321170
78272168
499156369
1368838440580679299
1112719758720153659
616599178336182732
1798772734254317547
2268503581282725948
2271438418317345268
83517201
1048378276536350979
2053496861847728387
1671575880812187627
330479950185825925
1947465252668018628
291762832
921141611905648779
1964385682958100540
622470676356780012
1307510072600361139
1046739279971502219
151051219
1695840244952035308
567375254
262930364450535645
518616592328054565
327737089804642965
2140433041530154868
1576727300851149220
939232989971198372
1832949428087572820
2117669196145491787
713393306578233805
326485556906564005
2073648753784271108
34281221
2203337893920370428
367110708365747884
283477657
30700843
555158662
496020066580158204
19438764
580642784
1695146779725446788
451255710
1546622061808344987
1539746670555640387
753404639309686764
493211950351552452
876651464850173852
1244818398848215099
373798882257434564
1930465768087318907
2138784982940397508
617556472243597532
566232673167099644
1673721453377588987
648352596161337205
368220295
187361706
242210356
53995342
252822451
261182391
405888694
228453560
1989808625932382747
682134863525261092
360703575425463012
133721965
679927693256917292
140215363502331685
751902244317005404
576928475
587980385
371382029576014364
528486194
129737263
456324286
1734010955234275347
328436814738253565
1546174465102798507
565082867347790524
565321186731997044
1737358287078063667
141251391
360373483717845492
1111317146923325779
463253096
63428141
2015785057136918628
1383117477251819580
531799159
43214885
1694203848915817228
1690261033855602548
488790926124347332
1800486285767958347
1371094051922933539
2140617102425919948
1949693468062629908
89315600
686285912551596532
2207935018688544948
1244816812539873779
813658859166237452
1386855500621424980
181565207919744604
552398845932532332
917879193084938539
392293243174181485
307518764433496604
746161537785024972
490224706676683412
457967925
1883964155295735828
429385516013821772
1368633822949734619
1926588880017564307
1768484177867520620
108523070
1884644700232737188
1176955120714844659
562107985489926484
941489045509455852
1381742587770111580
179038236261771204
875001345011965692
590506621
2141814366462128508
586860518429927685
307652785681680324
522023067047574085
649532945598920445
489853654752038652
363582254320402252
304808412047776324
263791477501856445
683462331812647332
1669018094687694747
684729713254900452
2052926381958770867
1305296271222937659
214526407
1366459573667891379
1923666617428984587
2009602168939859988
1447322474693069540
1958864982038661020
2075404139945791108
176134881124009604
122317343
176562832
689341259061418244
520609717592869605
1883176713293611748
180001332
1514685851193333780
1242869710899743339
123200182
309289922
369405386088577204
1431196795337983779
1705208437424445380
1669869480650436267
1541758771875218107
689060283195950964
1732105858762519067
2051613158181019867
1450766983077857180
1542938104132190627
616528847698439852
1605887852916092787
433652569086286404
174191111
145361036
1987636127585989027
228596191
490944774281634412
222297552
170196670
1886580081264284028
2116453978363629947
652985700197750845
693778163171969684
1435790500440258179
1771450763546102020
564125935513258204
432298034824402604
715229766817327085
498761986141784404
1641844693464893380
1451627156038359500
715082548684130165
682597979450908212
743358619933355612
1860395907528921667
1885698310087139028
984045353311324699
555026988701355732
1513352361431275780
1174005574254991099
2266289551418483068
458608548099589965
746367982965523012
324465684
1886535997219872388
308270366
1945993006278975828
557236608
308464724
561409319251400524
1576147404334008220
1925581372080918387
1670120102629860027
1111762761785641459
1959563879301990340
681980736856277012
1432849790346844899
746962273184612812
1796522016712204147
1796368286082305787
457003757480536325
624787120625158364
808345212229742612
1693591473500459028
1898540190161684020
2056738823519510227
750055298673569532
181169261120416164
1795877946001584787
316236657
1046306664269302339
938633617702961932
1239641671979244299
416415707
552950560001994492
1606253334458646747
552989096916590332
2137699690631405468
683672437749440852
418086085
473423196
135976183009839085
171594809
1241779750158469259
808495824799895452
1051767715501619099
309849306526255284
1434547282271775419
1510581625948149460
1830133074626877820
1514947523880806260
175984596
1382779919392717460
712931271875794685
1307500374371440779
366919353477290284
1301931654553220939
445083311
109200287
557634713
478226323
1638874863666821460
1642264255383255420
322282567
108867367
95177907
407647568
137763394344822885
1893867189597849740
1988735839683248147
135083231798995685
135976032650574245
583814074742175565
1576976561505495020
1051918904071505979
520562485480064805
1446173281034434620
491422479
715923190673721925
431376794504648524
393966608
448841711
488037695820930812
1446855877847747100
500714118
266076840
1175950923562014259
810097927142346972
2012572683428098108
199838518501464325
1946494437085114788
212285012
542613754
589975496
1754870215095923148
751460470312126364
586913670
582514386
432866761515382684
753150945434180324
512430965
568754826
482324074
424860000
1893930717639730900
553945126856098372
1769262624809850740
1304275217802373019
2115721329414135827
513408526
1238170385749698379
550470659
1641946897121167300
1689766713593848508
1988924392535872187
2138217353743105988
2010830777914052308
487610101379920292
2269179778086986308
877844783276183772
1797333060515832227
1830888170680268340
348241930
1383007851772794980
1733914534868922507
1241001060128695859
1927326745170587827
196013396
542933452
368670229464070724
1834204308956928420
713742946054007045
1434244316055910819
1497589026652191219
265947652323272605
1821111723713221268
1385146846757735180
1897085281799362340
383341962
402960711
461535170
1765616906532300900
402960656
368301259
473736372
591004040
873067159919071372
1796092210010534387
1829784807432754980
1384925430708889540
285698143
1670756340845560507
451492200
685505406996774892
163600890
176797800
155656789
61331125
110312964
134000081
1818421729322344428
493733588497374812
67539234
585418776166079085
572182350
625339251190811244
549087346
711609101683738165
471423021
423139542
314937836
2054631494131683347
1432850600561469939
625801441906039484
1368132557877504459
200950615887529525
1176129102485207779
535057922
271756763
1496279319865394979
715352485635405725
1176256847271024619
2015136494514229068
364015657245991092
1047280491628431259
114378182
1579190561385421220
689611924462208644
496580214104151724
134569722787477485
1831024128205548220
199731184382265965
457725259812748045
426466647838236812
1242189738929306299
322043725
382980455
2268505662352846388
372151856
169819505
204649286
391306236297181445
747031410833600252
2139479766653227108
266177978053945085
391309510660429685
627069396409022604
136748491317950405
1447584128260618020
1500204031678986059
988817826317854779
1514368935014738580
1113273516100659659
199163939618760245
1757861429664063628
322983081
516091971
392391603810453285
1543381633362404107
31979372
1820100644039979708
497351734452803724
374307494
1756689812112129708
619844607225188932
522266930865404325
240699395423914284
2266930854803223188
200023116974578445
1446865556905748380
1959801621577656780
2139983794184552708
242178242540899004
1381769228532869260
1831677903468759220
2010395802453414268
319130310
585288214466873005
2012438499864669868
620064288942313332
2141119061957766748
1368701960758015739
1896905759707616820
1370255096447395499
266524267415742165
878134708162138692
1451405856060877540
1511640197068831340
1951656701540836068
1302636818345584659
140639930990393925
2056859459861474987
682980419787661892
2270389002096938788
2207846153462366868
877285290477391452
1672826033632719187
1884105882006684348
1447640621137234220
935983121130812012
2203967145011109868
501743409292355804
1114254242462259979
588587416
1434577234317567739
2203099226492838388
440505591
475695964
302871293
175073927
156032774
136459233384024245
1446558759557663180
1769413017531750500
214285000
19016993
305322275
369879880732719284
589493269
564874716995671804
308969644951046484
180828547
160215851
1608533406324564387
139167764342441685
1899026155697940420
579518156
307740338988305124
1703147462798428500
520293672803989205
1833853762940918500
2119514618860822547
457630380272113565
715679322459653885
1111184992331991779
625597244469479284
556463113179841172
319749176
588362223
561255003824625324
1822955570784534108
362415841803170012
1755834803265568868
1894607927025878660
689408290121529124
1881690061094187708
249849971
618563235944804172
1989078972505674027
1769807989686630100
136653810897496245
458692925742066085
1513307919308338740
1307431550446335579
757117094378625564
1950962255439781708
455472326205527645
758225147684707004
566095271799527724
582204762
920323899321047819
1669267457920135947
1433684017328364099
427078183123587772
206998002
362698805866790452
529386086
509082980
533180305
205217387
1434084480937625259
210579957
1667653616424992427
2138187544817430708
687956370858195284
413080428
1448516056377435900
404365912
244480851
753997272641910764
1384137302111713620
712857502761826725
984297774533867139
754123152130423204
489545921008463572
1177909234073897419
682510789322125572
371206151406598644
648189324461062525
33784665
2009879403562999348
501590710
1446911929828997500
52751154
231278634
196213293
218974604
588438001
1638043582515128500
158483487
454535510628972485
1446152599758796740
377328299
118424093
300094862
382597627
447234235
339100433
369703966
172170056
164604860
217531192
1382750933528668300
1705265721681663860
559610078
1641616039568046420
1496910746722375619
2009594759061106948
223585226
1641130000930928460
940830578680840612
2074671028379598988
305563906051652164
1668756960167723627
1691101501417074308
305796217755531044
496117148078086924
304270659174099644
438403368
1731828497521880827
184035972
249307760
239064322
41794838
1579331538358507860
359806756
368965474047330244
518251829599074445
521888655623706845
625661620931651164
1819644439414735228
1049418267339172019
1046740770136914579
538888473
924139388429957299
924370497708083899
1926848037522649347
1673196142413999947
1175408392617277699
138632054197807205
458473551495583285
1049336538793400979
523354618167139085
461634704
1114336589897021219
872609088112955372
921106691717068619
523308463898446325
1115555163926600379
1963714450270832260
2271938671431999188
616298021778624772
497817203782765084
936041819770376092
241561241458018804
1430702339980421619
1690198996563672828
202317478
577761540
1754022917370196388
139557725
1768399394870323260
585434598
170283851
291799822
176377915
322058947
983110798265846019
1883147877789585628
1834826703772191260
262677322921969805
455651282
455637255
1689480549346418628
2011691644389798188
577429816
2075873765773221788
691487484969252484
2267904651514339428
422391589
455633212452502285
262952130999527885
1306157862261216979
1759585761396585068
138920085
752708047803172804
112872404
683059541475049532
125494209
1433416971598797539
1706933673824471620
1432271816478791619
1240350400944220099
1178389824717425339
435097472188545444
924227968659098219
2056961795277550307
557510705
499814316497803324
490804569386299492
1960800097023129820
1797660989654540587
433659738058880564
1540070752932979227
2142646186157457908
2204021491555422828
1735276408172986267
2119896375698997267
454009534
2011736318421823508
1304907794684058259
2268101549579112388
506641878
118504918
1512551973115996660
135158753
133062622
983788848125225339
176669431
1046562570252400179
541923875
2011391217394311548
198124495032101245
505659352
1766602644987156620
538874129
875651105076416212
1304426353057269739
1368958723758519939
1668474225250173267
424519642264645892
359106436
456968445526800445
1367110285402490739
1432317512579717419
242136903986449084
1368319252817275459
1238921611664599179
2115897338855763907
1801852617180868947
493914747256185412
1692003284395983068
509368106
1831446548533770220
490408255992819252
1925647313602573067
262228764
1732680261881233707
376937495
2202838945861358348
267177082
235879068
1384731761058068820
1987931245574545427
1754084658799279668
2118055005264806067
406043723
200962195543844925
297085015
1640278851947039420
435071258202733324
358705517
693758217222457204
1451554469148559060
180417056802985644
365014485175407012
1669487287226667067
809236309375291812
1366713682099271499
1988695044186145027
624973302672759004
1446285730327931620
1302586456301045539
116307388
437429567137757284
112066010
1114238804715406979
618834369490666212
583306454764038165
435033788921575844
1960672052866570380
1177447530157434579
922267207667845139
1239586855591824019
1733209139904052987
755524691161073684
1831280821422643900
2055432882832847387
620042609469079532
618334180706435172
2202945265700221068
713883372020619525
69473498
2012448025500049748
715040872537401205
563253082222455244
266156538393586205
756682090676128524
1385522438397204060
522394541771392805
1695064007217082228
1864988228672975427
60071740
77475396
187651379
1754216937269588468
200341195964135325
166662557
1834984248456079940
445080370
455493979663120765
2203936863859090068
1753872666321235948
2265937820569857748
460892593
577801963
746135889780580692
178586006078961764
418378026
202959917
91754945
1832863945792501820
77252956
65626508
1447868121526549100
1960139269602866780
369243788012038524
550905486
455390300563032605
339490868
195580307
195921561
649665426662692845
522888362
1960820282035476980
134004081
718636
271933638
85911570
173258757
9768178
192280066
1384409517007329980
157747075
312136559
680108680539964132
178988631
2265825091431211628
257745652
176450582
568496626
225361083
1817764701036371748
744806758670733012
225479838
2139738812174143108
1606702607055269507
5666063
391442359837353765
173302931
1992898111656562987
876860981946663212
2270784678697033668
877026786225181212
426085372916560132
1898393052029716020
1962311653247006780
2269375795815969268
331036245252020285
1799886081851936507
1515799823095531500
268111050514458525
1822326967495958388
1383752996343695980
2074338984161825108
1963593294626273060
987425623015208499
1179954318230353939
331236358905636685
2271941268547596428
1515846800846141900
1993875073179005027
1385905405582550580
752204227396962724
1302419844869560299
1670127872969310067
746622985309990772
562058056420460364
1691613428779328228
622029538368561772
1048617597083371859
1820030321473958148
1946935318794088548
1820995234229526668
585991287
1240899351562946779
134667026310253285
1704000375215708780
1175682972722924299
1178518380448819579
1898034637706413700
872230093199511372
1883073664296727268
1111013601721805579
1960767131703080860
568394097
744763142187507492
174997595
185373425
287421404
747102681993900092
1431579722114673419
347254317
330016450
519561809925576605
1886934919310103268
813023574093463172
428936646511973092
1576314088607918620
542274426
1755245382654558508
496860102752077364
2119278045504176027
584073649
137841444
220003640
1990579628762779787
157615232
155389846
1639037468774676060
1451045956953098740
1494326473998223779
1947367396078767708
680201564718006852
1384546470867978180
874449547104469452
523119034
623300133588403844
329334378844554885
1754740968182284468
1431570338147214899
1495766518387845779
1735886457112792667
264534276168853925
1990266471753413387
136244258131012285
1831448191164693060
392404207
1495699047747533059
432834258128676724
2012650487725149788
2269651011805380948
1638925448550205820
809032725317640932
516814821
1545569049246936667
1579371488699300460
1708434690733086700
876494527904878212
1432564149757408899
2052664833740382067
2013137844062630348
587929691
544083325
1367340205725993019
1862871337269669987
1510539934996654780
748839772840968172
1797929269695622907
1993712880895419027
1946217398859624268
1694483755150738108
1801911161745030907
1050353972467599579
2056950420012474427
430405170600640812
452269265
2268195359396057428
518378317
2203519140656426828
409731480
1112811765813791139
1703737577934592100
1959750070922373500
206683803
552265809
454535959479711765
1574043285535877180
198087035
1510848227854141140
496506370472392244
1702342468699350780
1605579712906866427
562455151358654404
2076482311013675388
756117997344283204
178679977459021564
1368230793050163659
584950298
1240663705140807459
1754404481548259268
919457981477078619
432792017060378204
584201329585629645
920361771458672299
1925580426075127627
571819135
937520440517947012
590898779
1539955384000913707
918110682716314219
2118526652007251507
242543553
214127716
54019767
38576312
137815884
1701522575760250580
1447075477086382100
1637860182684005940
199224296708266565
134649176
1945755327947276348
1817967482627677828
458889266
1796217894955573667
241787204134263004
580476647
563273237505686044
747019013614722732
2117731127757160547
399724689
131928049
137189828434172245
434636318340758164
648616966289967645
2118150613337161507
406537712
231392671
936719429507223252
286369875
260579629
22679117
223184822
187264532
1799443018992099387
84646121
183966703
493295392704991652
567903565
1962052052989122660
537617328
204857654725699605
1372164026448844379
1500422094012958579
680069702888599292
368371745937864804
552111380352520372
690876946473539324
1241726036394363019
379874620
430499046
217222100
1822197522949378068
541655250
305002217856498004
1895892600480983740
1756019229561561188
935289230879711732
553323060
1669070055306744027
1606766608281796787
1818898720189943828
755640410407532284
1608259826558025747
1754428339287031348
2141648216569868148
447495863
626391348974865084
1732283959848215067
624948797467674844
1174419021020968979
475016099
509593378
918292412709672859
137744884
305797287394350924
2269895639147655428
714667630108145245
1924328981292351787
1926555456905064387
2056416003253690467
1542156598625312387
362644144712015812
1385413697777592300
494931284
585892543887858405
1754808649278230948
404892182
119924257
526065735
329290733862898045
624509555966982164
1384371464015677700
462023856
456875094157175045
1702947099594291660
1179353902289234059
92116151
88823668
303302014670731284
118004130
217550126
389146400
61721927
245528251
366995410
1690004849079902348
134931686636570725
259199734
360276806918458972
982810627054930579
175535801
488336489
239850161324346044
363529047663603332
392896143509735845
496358271716255404
138426942815319725
1113533206924400859
407492773
302557052
134994451924096605
1987634739526587147
1989727850788897387
1578642415770020060
392959576728541365
308369248029067924
588170762
489771745502687212
1383303675795896220
533948376
166237898
872288947157819452
2267588689615515268
690698834474789484
809065037014249612
1767012484802283100
519924527294162845
179657975558211804
1450196967011563780
553790316105797492
749451627134431372
245010076
176120964043905084
625538679598680164
502998480
1239743727046687259
1575631168121517700
455206601289406685
619100742336765652
1446631631860111700
576656527
938854498926887612
466315044
454968863
570575279
197329333
530547858
1731885982130331227
1049212295763896219
1754882847245631988
1431114803152905979
554216269036634572
1448382203578009700
1766811471304590900
120578979
691526818628839724
689187483593836804
434479736
518593100
1863013848107224707
173724900
577455160
130187240
2057422161380282827
1111949796126177539
1831248517088021100
393294100478920925
2139994993406312908
2203685758139281908
2268133288085270788
1670945084260733187
425551769189998252
1987823573656117387
1770630650747648660
500022437161416324
561852162915129484
586866299364051525
1929698361903750787
203138760203229965
360155674299031612
1447298401009571580
1755785900490253068
1930003091686084387
1691272627115512548
179653546317809804
745016581884403732
2203400745141731308
1703464663639828660
1240072250271999779
710548440031279245
556111713114530012
552587797516705972
369976323215570764
650873579165456965
518692564897184405
1832729371862088220
216684718
1817696952262402388
178727949
246784409
2009956690642239588
390652400713714165
303816589495876244
1607671774188884187
1704559019736320620
485465167
1383438926397654820
1925878734494200387
1668560751162544027
875710172532211572
521002107
2053681447171186467
627542313720920564
226998556
624284769277610764
235416409
303045407755086404
246614092
1754183610661634028
32296719
183808359
753602399159261204
1946131287471997668
2075099275667386348
1819210725940625748
362110327133233412
307732908
1604529039352885867
750855173093136644
626972688364857844
1576930582629919380
1896134560357385820
627530144513889844
650755532016523165
1609624871248990787
204268063628499685
339997236
757969259621545604
628653851707623324
2142206107209596988
496553807342884804
1797115730485813187
1514181455165983100
176070057836919124
197718336
1668848397266935387
584408265
2266088396279287628
525495328
424732694667866612
2116468041643655267
167563721
163136792
80517774
107066912
123608942
146002910
73648036
122408399
1237951510491248459
582564105112152525
519168552317241045
450696161
229801466
460754157
680193583025508132
1603885815770144867
1303298613644441299
1769714994172262180
1305904848235468859
1498206661933495979
521201338427602845
199292458322909405
240975466388874924
1949771232931299748
122404151
2140583026830901948
1576068415516620340
241644439588481484
812979505472929932
715424686700652445
1610081689155514827
47937865
2077414559059018508
147377516
756878791638247444
715954706004691205
1544400806408061307
369865843
245301386687063724
562759404147411324
1114630521186437339
746364061981171932
2119189686285590907
874829764576756052
2119554059454067427
1820363325619068828
1113154760684472779
141051884979185645
1116324545729792259
2011588774320243388
1759109011554664148
1989987547794813067
499467351550469844
1543583216200019987
1241634177859450699
753781974286506044
753781845756750524
938058703405330812
1882131717322600388
513916224
2075526215759597788
1946345773272629508
616529377808863812
1603982750395179747
1175163689292011419
1769307759755581260
1830203914326763540
363350669775368892
568637090
433014054
450132293
391298806226622645
585190043
525651011
367440317740100284
1799891576786833147
534585683
172592195
173203174
173918446
1382446080940431180
171981159
174549206
564000731
811954949416517452
2141623606380167948
428853725
555226530658311972
346328263
1177377425175398859
2121265566282211067
1051863377511741459
1866293169119653547
1836505576707144340
585363093394131005
584628251284219445
2119107468197920867
586700306732037725
243226638768892084
345785023
1240943856028661419
1798110622881927587
618307219217478372
108074067
124617800
92377127
122363485
406749808
140158134
137693539
580818742
586042943661738045
1511815958591395820
480641323
423034274
16242777
275837103
618760894793162452
263651438629791325
744733324497395292
2076640855556968268
1988489141735334027
584497159
24795595
61140219
130648575
573458197
488588039053525652
647308096989988685
495618638690760364
2077864176785399588
1495514687007673099
550031974
810469168819904292
1864287477959835867
1798772669858214467
1176986246228777459
2012290484699189388
919176446910106339
2011371536476295868
202334073226205005
2075390311348195228
491079592628600412
52777895
104533916
48006869
1573811226522860100
2054707882531053547
451312322
94367488
53574285
264649632740501085
1694702874238804588
937467775164935772
1690175657073512268
330353919840733605
2202586657533595548
2265891417267621748
2116277688902771387
449195865
437059959245400204
455988960788813605
113365723
264395965
305782249580714284
147558092
527744608
154451516
130280665
394652869827631485
573679271
432272604
519874777976326285
531658166
418076456
119384510
218149135
1382597907425044100
327526110204217645
711336101021640605
1667969676707852667
378831368
134586035156875005
748346895909548772
194188495
872793464939569452
1048200819677850259
650267208845625525
241080272756292204
1541119559953686227
368696095020529364
711783147086895405
327420976733149005
747940872308354692
363958356
1366378125489633419
435959184
1864144395162451987
1694371310160785388
688793535834016524
1670054589988221147
572631667
1798492378309111547
2269918708472394028
618530793520915012
2204717012459635228
1859620324328419827
2013241741582757428
328929251006674645
618707055411556572
2010695259289059628
712738170248791845
426245900016259292
1704022432005560900
306422832611804964
1670045474704457947
570804888
465277234
438479842
476415414
213682836
1499285148906875259
564629779840211244
136749367658768405
463428478
2052319428056977507
169821114
938512307880537692
534495778
293240850
187890147
537052813
626304920687724484
1958747727537981700
547158367
328168792
136427315
171235909
171561872
1732003780942655027
474446899
216342004
1690069029272116948
208185375
1958046014217697820
264820877044701325
391738297651554445
199868553
521809311923185805
127566521
370533412569155364
495408956881721844
192207837
1540415822852231267
187364804
580169527
212477951
169489927
300550379
1112554297291109979
1757789882718732948
239476386432191164
204320546731096765
1950230063025902228
175632144001870284
179669475133426204
128217634
190389664
331772248
169112644
114245192
202883713742997285
504540404
61758295
268109562
130248992
179602991
1111107073377843019
1045955640492882499
1174680321981819259
238605632
116018916
177812961
174452312
181216775
1832804453239367380
1882545279744298748
328458197031594325
434390945861064604
649315642373002965
392024692291836565
264744066513312125
522848835744712765
438086771
1640579518863062620
1238901876337756059
1177926747582842419
2119019036595950187
938677166782860932
269535935
461287777
549534925
243901482
585041671084141005
405734956
1494852615625594859
2137157881480101708
242113493766765244
1239949760280627459
242113685982930684
263022847
202810630802499605
584891331817580405
688969206521370164
2077284210636137108
536662492
445310511
1381873472622418100
1366671558270864019
981980721485403819
751745578893748484
1302396406860974379
1046270097768478899
1898507729617254780
588928886
1305436206222531339
2011632681360417108
1495032620371588659
433357042883918604
241357628293945764
1767730576819927300
2265940169541951948
1510109500321576940
646776417613134085
305897525
583016411890162165
1731923250343150107
1429885537981797939
646694629603538965
1110462841561466459
1302140964889856259
2009922593517170508
137100710465624485
454508532
199887922709469885
249139299
1829806101596743780
518082625
264495414058502165
1575121225348781820
553530722635333292
162277815
1367428319175403819
2116953178639269467
264367797601082125
1176127028664597259
618214886558420852
1304190613359237539
1691504038737052068
874081961417552372
2117564356702896787
124855996
336256206
26859179
2206548825059095228
2117724223992291027
1241911435458119819
710655607203866565
193719263
2052271059773964067
232516496
82386556
1384135190675650660
230411918
1580596266940733580
56188175
1923775621391024827
1888272174295810508
1515111955549891180
522515757
513018324
439985458
1367797804026132259
330061835524881005
286209182
156782393
250383509
491587753222091052
1702715065944423180
173666261
2075898412910707388
328980941620189405
1540069182371073587
500766984722786444
1429763457637366099
288713783
45106294
120625846
585742965
131706119
490574819745165292
1436369075005614139
1929256458288140067
259170880
259171756
304568362769312044
1495241132344227899
371029684890753044
1573649587063122420
178592472255678884
1835862836067625020
492331724
587571529894262925
193756326
105524574
333923272
346869636
1958637348874558220
331658556842031045
1243535083651778459
1433420998636063019
554624434
650579481952917085
650643034621323525
1175979742392576779
1304011319752386899
1861568704551313027
1176363811303332059
1303940738748119339
1755143800774995748
1239554435006515459
1111743586193418179
1925661082866966827
553073504216215452
520368665099270645
522184009778756005
1303852702370416859
1861568960837398547
712852093917415605
2140046758683701228
241296519833626524
1542113089416019707
1767640620097628340
1767512507246929620
1947856400020226148
745794191529848652
1639573973386148500
745922000783101972
745986193692106452
624902322307036804
1367169885118802419
711847211735476965
176898490069715404
1703307364801300180
2010389164360880908
1925204769012502307
1767436943258573420
1733522926293741627
1110475683539548739
1830430894247148020
327091712565315525
936711225686126652
808518659769578092
1446687771341588780
982732098785740939
136403426140350125
1383993308290856820
1925885847721464587
426638153606295132
649766035397679845
521248400
435449859867612764
1448664223131534900
137588583038675045
1797831435447186067
2267756832369308108
938209726986903332
920107429326981699
200956944076580645
2011505050024788748
370075018112046844
1606569670686158627
364228531470220932
146984520
1607862286223945427
1831932402376100260
456597739181389645
456938709993088765
330746967339832885
1691847932374519948
1383544699524372060
648535197981210245
360205979
1238229652144854779
681958071866785732
490258345857216332
1638045571499817380
1733333767408631867
433095038457514124
1733461550942158627
2053078227850621187
489792507124847252
1691266284468994388
584885198563743605
1431361655672453659
489856379945685292
264495670721501725
1692045163135602268
745796568790699732
2138286206152040988
496665747
1755908943475539868
1511187144172206340
199097641445525485
506333088
630166928579099244
524482810416645925
365943765520453372
679990921502584612
2012433018239091388
490255675776582212
357936398
680282428827103852
1512660222899619700
625612204049865004
1832090344057353780
584785502355093725
1691503177323061828
1605787329297625627
753746177109243644
497841518828508724
2076077298477724188
1240364700950026779
524806931
1176919919414917259
1305375852900055779
361499855413400092
1863172533184770747
201049492869965445
753772414838831004
584529499716265525
1111974941025842899
2075757373711310948
459742620
2009967173576286228
1046375946903808339
514956619
72782682
85646373
179915483
291216626
522938071835326725
749199709082714772
519417039288285085
2052169592968266147
624335971859626724
496083377050814404
1860332210868031387
1046690187727554779
1702561462756976620
1992131301483040587
2073731392805982508
152457168
182572253
144376473
2052335444856045787
694168810345642404
135550792736978485
681041516294848852
1240144469904475899
2011860953143881268
241299592886012284
230553327
1831263964064778100
1494733480154388339
327157399299753765
1176842057430641179
1818777651447656988
1831767422746593620
199956851090192605
525982953
16432159
2202698751869410988
201737620981316125
584149026
525394288
1111553129928243139
456819039658829965
520589945702898245
936988230109970492
241031816720472484
1383185486450473660
39984656
497090050385659684
79502766
1111680465228093779
1638987719688795860
688405531021113884
1882191847730598668
176463160244066324
2052772214490513827
1430991193176073859
936969138259423492
1754386999018447388
1831436715696322100
1367742453702563659
1449951454420326860
202434134
497218115337201604
1367614901052200779
2075332489524625428
1895247534388459820
1883394772512903068
1575499910551685860
393474349042387405
1753863415578738428
1543027746057740907
486995281
560561384844929004
520328677335353005
1238904105717893659
200937066825181325
584343187935689285
1925846372233023027
361113672237903732
242136905074243364
370913254399248084
1176591700211968259
648550471529416885
714718443251656405
1049652334926407859
1544357631557194107
423464807
195644829
158509956
1896766932707133220
387368019
181726306
152400939
424424377930617092
808153367296949852
616284987067584412
689355584905775804
2203839228104245068
586445473833518885
1386564655817000500
394301546
1049964335619451379
2117601254581444507
1495756552642550019
553797477213745812
328058049116699205
711133188810532605
134629172800886805
2052509587287400307
2053204526112861947
713167064279230165
754347343476005244
174855527203907644
1818711829403864708
2267857776783515348
362306810761899692
136887249100683725
425990202155856372
1861797489342209667
983947126001019019
809890961358774812
1431914987341772339
874152534387085172
712465079529252445
1756036945166511988
1797697019349926267
1797972434506518667
360525555732652132
982486334146713699
1366745147671746659
937048839914606772
553102781225357652
1689936575546503508
649809262877252165
1113985250443376539
710598775954540085
1446747010045941860
936711097992588852
2116707964384923987
744647700361962132
1366480757991065499
1639907074427422660
369812874924038764
1694609218778718028
1883292138359759548
362033383409446612
1606858577821441627
569813489
162098404
375954128
266030515627936325
94393573
198960643043334325
490717126131516132
200514351
141405472
1768817788931451620
77663810
495321126
533959585
1947419330728829668
351070169
1960216896706796220
1540199219137508027
220682349
1430849288753653899
466152497
204271456
1576934482972334220
1690514462362329268
2014045713559727868
2055250596597587787
1305580053897287699
572261149
1603221243271508387
396200885
502598597
1958921300152063580
362596395393667372
1447102794959083700
202743282183870205
2052216036247769387
433705251246536764
406848948
1831799943476213620
1769027014400113380
139524592
585005855974406125
470835836
1753649264233647668
558253457
1947861832297443388
2051947471173562627
337429238
98861366
1736889456892038987
750399821562028052
364008674215043212
940143520659607292
1543811308737629747
549853001
2115798743916494707
460465482
370478737127860684
1048797073851013099
501994797238769844
2267982594872004788
264799636707703245
1830696205233960540
432406366361196524
2267653928639664348
525161364
2074712640575418468
383768175
1239024333755300219
500142088
1302728294592563659
1239295658861353459
1862832440883478547
499860293
526143901
1702309259450153540
553105761140129892
1894308866819922500
1754457206419038788
241911908866218004
184013859
1382527046946313900
936428638736085332
1863575064021209627
74746616
476210667
809815159239421932
1884705758551420868
1239886815721994099
647786688280438645
38114954
585157757288720765
1884306013617861308
527397434
646422320673613925
144300896
276450960
1960699755902064540
745292582302748532
1690418326082982468
618229867100802772
1693168361898221308
2012176457900351548
874392048638697932
1734105363237142987
1576146284023961580
231185137
2203938784950509668
1770338258451158660
1304972554334381659
361592684757860052
751513291765479084
237455911
753618367577012924
2118115835090342027
1861989684033692267
1511516352043448300
871959376839422252
1048396444886824659
1668086423995957027
2138808608731209908
179840067
240181045644458564
625325570141783724
1959541839376742660
1990073874815418227
753453102491387644
1383609112692971460
1668576805694948107
746831261361426172
745980239922573892
754810424403011404
179209264731224804
135431341
132243810
105385151
394465458574752245
1367934874659420579
584717777216600405
241552762181126764
489794771998441612
689423031349725644
1767510322777835980
2053535233002631187
433356914155793164
810408519422369732
433323395387234124
264808250397886125
1048191709822085179
1494712894106531939
519248147
1604451408310591547
1885089047457087788
136464331912854085
753516220505319924
937953851654090852
647103400393058845
1366742706752543299
279324009
157244752
1957750418131363820
2115836792779235387
206458814
272084368
584599383086004485
618279389640916732
1176255543014409819
1860264603804971187
1496231660701952539
369479656738453044
229270217
1766750570252257820
455292444642740805
229217021
1446369569074514220
2140414563804704628
239745545654769884
2115773305027944867
1947563125010383228
520342914686428805
648550792207797005
208235212
106236219
321583673
57163999
93516193
253824760
90418834
374053777
576831235
1949036332759604788
215376167
79203322
304408623
2073921179821088628
522454590468470325
500756676869392444
1963157101567948900
118145060
253791354
134819085856036925
1671443392779932027
754678933006015164
552807463461978332
1946047899749306108
687682453771168004
1643899896840222540
689996934367832604
1800879817578611107
650456685963085565
1177063982114232339
1832248543090391780
324852208
482328759
1113249160497183059
2013776415352823748
1637890654105815100
1604191330753179387
1735055381190565907
211209394
1045883337961953819
272495976
258876536
98038580
39436857
322065179
177116323657038404
587865279849847205
519353236054104405
2205211006639156908
332061943183918805
685515937203044812
521694520400841245
433214573327530124
419348339
486937610
222881197
743927991044923052
1701771148617123940
367054662
1859858346923286307
1925975947219304947
498454327356319604
557247378698740492
493926518403961532
1639153548315310780
263545451659885085
428187097
324863588
286136585
231122301
280485531
714723829012629845
1736033001038225587
2053669009702781587
51126219
129115554
44931304
249700736
2201894492375154468
1603771296033907347
1796528105068781707
873879566058810972
553017820945252332
1797963748375298307
304071309
457643578444438165
1706328330614794300
439125983
183113502
208832109
185187003
2204670445699904148
2202252527920099188
229750482
1238333454321592019
251901231
1368459924716431139
427369106786905812
137153552052967485
936478259098550532
360013752
647936521843861485
1819205370641154628
182939336
474734315
564261222
623536048836594284
1603862881605275347
313999493
1540048513500704747
1049870298649384699
434941375152196364
809829220477735572
590987828
874596804625089172
751303112157353804
329825533652322445
1692923644441285308
2073665475420950788
710991325339899885
304027176
152118755
74645276
419481492
141000432
66417869
170882349
77344432
434130356367857604
1799996096070811707
1432798679038801779
1449220015872337620
1925959524596461387
921887587913594459
136839340302445005
105723126
251379846
575355578
427090070
242000490
2073995085827166868
27444
2073791082298687428
197564828
191688845
921774603681085059
1755739032152321748
1513479615766866380
1960394911576340580
1835904053251573660
1947110621813731668
328010284313360005
1642732829367552780
208419916
2074171781898109548
259877194
223655504
459992213
352332572
264811630140402125
298662662
287433855
139682314
118209724
195864214
23798407
436529291
279308549
385165538
234928061
552999172137152052
265769805
939081790418932212
1574586475536271580
1449836363860756020
488439832832357132
456840740066883165
1603884313654919267
1446094024038287860
623933238658239164
202759144
143203615
920745946043709179
1950063031227404068
1110241174508309219
938907621809548852
328927941808892285
1640058265117706420
174853292706699444
196455984
309242607
201789673377777485
175438961
585956148228204085
1111829586617538979
688225958484629804
523097878
1641010926957988460
1509613582178518980
362817900212683212
1692227354397871788
264211108
141000000
541059067
181271018
382612247
2115745625672675747
263027686
360631750
94190979
69692712
433892519
128489223
168258284
94516619
372769141550208564
750463502885282172
1881160330008568508
504524467
119542422
1926748871428026627
1238265152330517099
1574019387619399580
1861031404513497307
1862596890195202827
1541444649858839147
1896478352126003700
1113728863362488259
1733070742505995867
1735638334465794627
177126049294670124
2051160776875962067
393104831267251805
1238039712884644099
523092946
587868279
1446087322331515460
184978396
936734386931453892
589018257
196758994
1493443040045824699
41592996
1605984854090866947
1992439570720042827
808555261767381332
364970469790626132
1606528899502440667
1884427461829542628
476482339
1381996114785883700
1639596026022533780
322196043
233864748
77828804
137388635
21396150
1369008482054481459
618627621606204092
584250627749833165
1540627570684531267
1732244203598758467
181381677
574271529
582485292140508885
754972063086189324
520539480177567325
747776285163016172
1603955707470307507
570051222
226608555
181821347
233494791
50448115
46565396
145179125
104933442
164733393
202969770023533245
1603963298166223467
1238161274471455499
520560474472106205
228277831
182883020
258941220
128852475
307534704
51779369
378089118
173325324
919296425257993979
555187581368656012
303397276
54964890
1691444496977380108
477173685
1112415323216251379
495238365624858444
1766494311101511420
2266187362789572788
189975625
100678538
173531537
191609208
157903374
172008711
259206354
191784874
1432086529196062939
245111252407650204
2139537457917083908
260105173
984593764897290139
1768556477427108540
1769321505734625100
1383706935671797980
266618637316348085
264410209816931005
1644375955773552340
372014104418740604
562635321539323444
362498900555906932
2140044940513538628
553313462211305212
264623909415061805
2055632101471285427
586231244017793605
1113053720892795339
1371285718818559699
2056746553408769907
511820164
406379875
196454313
1991356320930561587
586000349734877405
1174966371322214379
490688188
588478111
618080197211308332
1448014467426027260
1691987192219538028
1495802618956359379
1755027214593016508
1114424055018117499
1387019313982883460
139900384532526845
559909379349694684
181265999079164164
180444126507833924
1542791693111165027
1822159488561921788
262251135978011005
122689857
119477864
529910342
97283097
292650755
1732157699016736947
652202674126956165
17926199
162674649
350554359
366141525
286841310
467821135
711471773482809605
131206414
269459144
73545774
165777735
234543421
286676164
1303261335159060259
1893904242539611740
1113007151740487939
584793989072144445
163880142
364778083687472932
1605598198607332107
753735208195815644
2141915321523151228
137496234372082405
1448602576783493020
177681013215872724
67048746
483685118
240113205016255244
440657936
1432142231083243779
1989767016979775387
984110744524319139
1050095975489709819
243271340893927324
1543994312613900587
364190377639206532
1509666515333253500
176810767555959524
586980073
526378816
2266643935665431228
199942782353393525
573882942
142820964
1987778129689141907
89702695
1755996884607869148
1448038215116236420
561691657
150833311
753533888415626964
560671183083321324
391822693168318005
376790978
1766912437654415740
1859942674958061827
690455178788522724
690712610984106084
456727988036860165
361647461593793212
506272251
1430734233490073179
1863739379953881707
807992132148027452
1754783770698375908
647106204865440205
560654770932988364
329300689256576605
1639549880592946900
541957809
98284377
1110168738608691419
5917327
431403170
1048103627747400259
1045835454253742339
402141196
745864281572114532
265178731383507525
1927637523386789467
1765898940575754980
454441357655886605
437469202
1831731546049259380
921321694738258659
306407199410100404
2268043726893499108
688123099992726204
427710201651249732
93345840
11194268
284384843
1449796261577943660
1959949140306319780
309298790114125644
344551079
872904788011589852
455496757167376485
1386117962009713060
264691691966266125
1989659444009873507
1110803942646793939
1112793854881065179
2010885427776483868
214990676
67035316
99828372
215233989
527122600
1435307545099786739
1448526552258447260
620137090749653532
652560341793408685
583491226
1990895880577322707
359878052394668492
1946130253439889188
1302142168720967459
1111886738383759779
74828708
146677004
582781341514840005
211639666
187662112
585995818
262260903
393227059924239925
577817749
1946852978815582548
1383970427200891420
809153787662016852
559909571172379164
553593959
151964643
2011510902273282188
807978251403763652
555080046479552812
424626856
222052048
210111207
615956980609032532
1926069757465386867
401029453
538984703
134099243
1436299925671720819
1609711315231755987
1737851718310719547
139909539758495805
432252102
547093589
430333007
425810462270717492
178450445293820204
2269204539312774748
328946777814514405
370062610315987604
647565535719123725
469876212
347833460
1510358229765622420
153466684
135918747
1829922708528322220
458655061
1829804046316533980
261221224
176072862411127044
129563392
497030255
583373035935012525
135537242
522786502
135938260
277192723
93177387
236946519
368921766
233007320
157480600
82566255
29106461
563165516214830684
354231774
34823989
490213444
2053230133285081867
2075121614316228668
426766295187914532
368671520320723724
2138414978793996708
585255557883295645
435313235775043164
1174086633944114779
140593784984561805
443874773
2118035336452251787
2057504534435831547
2055421734444596947
48730652
877610110517563012
1993666398250405467
181022126680684724
1579071934009436820
272316849
219049623
106409899
52416535
73845487
66596779
67822688
107916039
197932589756381405
647905822263609805
1434227391601183339
189769132
522483676192978605
1690507866841961108
1991001632034131587
145047568
166728446
141738160
362368371965079772
241294728918801004
261864829006711005
752110824893467004
1754354337015308548
165391571
1757955537245134868
687705250704963444
1836572983963310380
1577460340504114980
317087237
628093069704771884
2207405621572742788
250640712
1513028674198928020
307487259105613964
1798492122226126707
1176647613220649339
87787211
152318085
1692829895862346228
876651143969698452
242171755069774244
617780154748834292
2054627876924202867
874124222073843692
2074147845283197668
1175316520080517059
1607911244612968267
811530475110777332
1733808742562152387
2117223873743208867
1511993275482039940
2054610359498334547
391477611945867485
1113323444776478979
89778908
693507342788020884
627846301686667724
497390920913987364
1543562288366010227
286393665
138818056
10764909
222877781
225432797
132719194
231976806
1573784342029671020
217474024
1513011734069831540
811299672735425132
690976910867421804
305154416983352964
536007122
559884425
555877240758116972
574522883
1859635562363425107
241133577303558884
161446378
580939999
362675074
200100424545921245
1895599343554959980
747150157460161292
1818844497582583468
488340563580588372
1049603013908245259
589382786
584352055
1112790025366476499
329747280624134645
2011154556619768588
265309413177616125
149896513
1946361246880943668
393399479
1929404076113911787
1545501807237501307
941875273951260252
1578336664145561660
690533301854603204
1926764605071577827
2056957229142622867
1864790400136306947
419192290
100067857
369083617034185244
650620883883874005
680336632851300572
526020164
2268101252091629228
753530086773705404
1307158104763913859
1703809365586770300
1643938799137209020
1640050119420139420
681634250579258972
1383136104395929220
202650260184746605
1928077643837062827
1449643966428580500
361058364573909252
582566776626591525
2055638379163701747
1988286230258577587
1305429994901514259
558011999
583148688
1238794520835328019
746425315186614972
241881600089340524
263690835614275885
391362234384697845
445459606
64473260
687895879336269444
96438616
73930220
752127676192938004
118427401
146343600
156798870
2081332
938162827398398732
536224928
710608760386340765
156517924
1885390447911743868
394781777986812405
578534281
199015735197312845
2075019108709921268
1952459080673189948
1116232068207769179
396912235607272125
132183703
140294880
214227759
93013164
123741117
176784082
455845832781789645
1829690087762523780
519591440619014285
44855437
550365769
585788492
527505461
444807966
2142766925584437388
541076590
283225129
1494194217023539699
268404380
185443568
199002497089296925
204011642
65314619
215654371
1693540326908550708
1575066092357130580
1831923419926210980
710943411178604485
101223842
520949215731206645
586479881
378907381
1048887989299599819
421559176
647492342672963125
403260176
2118461707854839347
562584211094615884
380390720
1177039199231560019
1896146944288901820
1671998687975333827
2013272956267655348
618662926759718732
267653128
213899262
194086577
279306768
1173948811410585859
226260327
204424756
327156713559538245
1573965270915635660
715080234046674965
2078055151445742308
1706436370366392620
1174901933381560619
175909516
1445749398034954620
810811651925512492
94827955
107796282
96440269
137476381
79696467
361721546854941332
536125066
2140228249551823148
394584917926569565
1242046040407194019
307950228857023244
647878082831592205
1771272131512964700
202803244
619075444463972532
166793892
616943823147241732
1754199839853048428
24217109
88397474
422233007
145827001
270855559
1991632615923950347
1754823853400157748
578040101
361372046800105492
214491973
2141258880349769388
457967331
590116127
370195138
568777547
100751129
243692601
1930458274206732507
1639851401467975540
1893839760369244780
1862185232461446827
1669267394043917027
2268385726838816428
1861127495687630707
1542924705084879587
874495575687791332
370347872248162084
390524143856482365
1545843319419732187
1733747198084026707
474360939
1513457547263948420
920984376197806699
1112261771005655299
434617996632684964
291122961
34952273
287990681
134763743
395806140818479005
2122154290004983387
1244241482292541499
433446482153990644
392137308059879845
1797045081303155227
1541451210152378907
1926516307669434067
648691442436020445
335558017
1865288187824775787
1385379648942990900
2204743106924433708
1178743412678912579
747465528730345092
180100680209414084
1896100700204083140
179660908
1797154891304174307
617508339870707652
580334026
433673911467014844
570975403
396654526695778685
394464928
127902922
466646672
185746085
330294398
249177016
2052044462863700627
744600197598400932
515751176
271585304
2119640957786513107
521262783098005365
562947995
177587863701264244
241910053586397084
1239207795045549899
1238713281724857099
563095473580018324
1541776248776081827
1885944542086464148
1990630434763891147
178942247919745324
364935568685699052
360515854731784772
873188057359367932
2075647669683867188
1923778629524656107
1366090958316676939
241459783976372684
264627818892068765
1112898704927898139
520168529080551365
711941716637292205
496067255705135604
1448551773565634780
1448533835474360140
209260323
418022262
814222184545288532
1755513134008250148
1672657088092132067
651630197316901085
1174155457660303779
1110969386215680139
1387617763578645100
620652248649060252
1241404827890514659
1049385716066784979
1305902517486069659
459010921840831205
245363331543087004
549405690
547807726
404651895
617970715242729212
504778831
1926686529190330067
552674926905536252
987662316418529939
179823118
554631597431181612
1927975410530172907
559807578
2118832153088873187
394256008741832365
427772653046649252
327893443
466120938
75958837
586779206256092845
428321833867641252
586272964742642125
1758234716548640548
1577213564516158020
1305770674852117259
108183575
223306941
1370878815072840459
586941369606579765
2120859470778647187
368839503581394924
394417725604911845
562061872459946524
1433279753198541179
560234725081995644
1577115540332983980
192713572
2203033961330556468
1924242004893995027
690588369048500324
691149921070679684
872568975873462172
360871720028311532
588558473
1831143738499532700
394585698880006445
520715259895220405
561639025490274284
1541927958372036387
425694414796808372
1176458246590925099
491099217355476692
1860190519017238747
2052953173229743747
198250705892030205
747092724224029332
2142126677420535748
1241738674474117339
1693399012150632188
625551777289263644
493003127222197892
200469453021538245
475963159
361859302328000812
431899061242620524
2119126078369865707
531286142
562367651929852284
2117538549619765147
165188978
178228931
585947352920602245
1385261441760798860
1512736736256461460
455481534861236365
213990961
135892483297634605
228713361
1702777060658821620
1882929771672056548
367969086971275444
1306385467968830059
1694413694276989668
1514579367621847340
266833102301743365
1368773760904898939
585074179028609205
2139846667471925268
692231543279662964
2074207847131599508
649429712848698045
1543330160562229987
1383714278655253180
1859730872347455867
559439488071481884
873734394698002452
1818818104273133548
1638413325841992460
429915545
46404107
1765977023909467980
553127429371051612
1447752957759969780
1304816974174934619
66832585
1639047900254321220
375858154
744015370921275932
1577394218785822500
1882087912648102428
1605953809643655427
1575702718422231500
1831139285889607980
427671968809418692
1757782187101544828
1896508440726599940
647803763987913005
2267418420641088108
984390758394644059
1542061595992710987
488609569622495492
521392335071115165
177124679542094084
432479905143117604
391689724143192805
240954672981674364
392090753424288485
1821259908757618228
444760293
288349614
492088474532196772
1669102621868372547
310098661
310098417
1449593094522971980
1434299151435847379
1305971891812792859
2077412219212812828
2076038349835624788
1861646861893644067
1578721159255603940
624965324364334924
1608610830976729867
1886254900736769668
1643449598746306220
240763332437059684
248857117
2116356000369184747
938393425879212492
241349082480052484
569087878
448966810
63592524
416709488
1576612834509117980
1897360999872071380
585706415648589805
1754954493597872028
1947696354490973988
2269454078329111268
455199661730535045
1924160879678516867
811777680015408732
93783460
627530720723032164
923753355129292419
1545543604356580027
1899330093948631260
395669211153516285
1707770762012600700
552165580303879772
754144208064968804
396753754916297045
2052557699647213467
558184220
239487899505773004
1702881381725092380
681557106806239252
1754090083009937308
363944800831741852
178597896
265391714
337803155
372164950
326006821
262436133
322106522
418346363
347796513
501602389124430204
1767131891842324740
1824216779852525668
391113095957018365
1514510208154081260
1964451953213737460
2079553453914473228
2203544463821775148
578119806
1436131861700864699
326847671653689365
2078564671886778028
1514432301444167980
685754990713496332
1888161032199691828
525116240146561525
437510230622398724
2013861190881026668
490944911416717932
2204223199125208668
938548917865070252
434922805314709164
1897370362539898460
1885951348395430308
682931731992461372
316773380
317345304
419335530
318180956
221362441
18374519
359535431
281166667
874035375912046852
263934687818143685
1702625655799080700
435590015499639404
363823398037102892
1962063116759664740
423279987
1176163871775488459
713004596779383485
449892459
331205375
588763269
391068222259124845
449185541
1047876336062188059
587460585
489356131205087452
569714392
537804361
479666798
336222116
429924043
1174907936925542739
1946205462701334548
1756574324995228308
66535448
187339795
67892087
242010653
14067045
449954022
920181709397228299
90639673
496186129254918404
1610079205803021027
1307001796997806659
76110146
2057857201769647667
1899503953740277460
2207832672553423028
280619058
1993281469624106947
1302016502999849659
619294854936195332
1671344424230044427
747215051277320292
683067517060697652
1949741892592304428
1114199103984854579
262714845395954005
368910410234947324
520566738775660765
1767120381702133620
2010659309102666028
1692701241996423508
919509060142377619
1735441580910563587
391893772035058405
