2056527121607917187
554191331
982286932854180139
447255491
1834934075764275740
1435298744317060699
2121854749553348147
1514621722974791940
349883741
315679545
370507415448131724
747408381713355132
620351565708112092
1707184039526123220
1703695659377879660
395212760
713180275600841325
59601602
498690232144370044
251313058
586393496
357909548
1640433336669829300
744953532157223372
186096791
163708505
431911885868571364
105700874
1237506565142251219
140293439
1894090348019046860
1957642637766257380
1951341696560918908
1513128336813926060
1540140652335812467
487376375
264703001583131205
2055259103614803507
305182556
1304689727188368059
2267672088210997988
585777140
371782631
40877968
251166505
130628390
32258282
93543880
49568583
124814505
50280944
520644245029157405
1731661694397513707
471235671
1882011453953507988
262151023
262150064
1174981170333194339
1881857436624663108
936246969461195372
616374794047414372
420130380
646821184904034205
1766090349009213940
1988966783891571107
1383349769598781540
1881692061972860908
628276685346371324
1046866832294471619
1239915571911731779
1434289768930785299
490209631513014292
362511523151593412
1865256515264381147
65037790
198976303317142005
224342159
101939401
165408374
381045917
428632978
551514724
452162812
244493620
473735495
327618590
359754026
1924886042661551907
936796483457483092
457596046083712605
430339889128292732
434549682
146841653
1381927960988969620
239820730
550071852
712278818702772245
2265898911349362748
307944579
318092690
326803255231719365
329780246
540914066
160766599
585076777
173499463
524459342
172387511
143845914
489223216468119332
265795648
272839388
239276706
1701860699509913500
181155862
184136299
1950455050628005628
689508152682460804
924809772720527059
144628809
265182356772194565
985406871561431819
1047272081655245099
684220306305502972
1705660448404674340
1769014792814479980
1689689113681502028
1639300552907192100
1704073317935789940
1446490232826869500
1796713208294331107
2116708284230422467
1366796403048684019
1882255848028970588
1796712794402971267
2074322308630725308
362255096189038292
1241772025312226059
1882318056496489108
135152595136170765
350994451
189443149
277290351
174931866
589828927
173673741
616350974981803972
496001610159786084
406749665
2266179510906011748
1958148322156104300
368408250019683044
199162111222032285
918678122991606219
368346732277500684
1818266388868087828
199295132778031245
105875410
173633500
1895480411652946620
92991462
145984195
226726393
241221938156632724
303633069440579884
67757591
467743213
623728551614982724
149972235
351733201
139718084
135291464
391288831302354645
1384603823716853900
874504174803812652
1734500587377246867
393014203641862765
711191272902580165
2204370593872867868
1304783416544409899
241385773770143764
712437350724491965
328462918424315485
200589816680045085
21860232
873798534114107012
562583773973591604
304857569516242524
240129473696671644
454517453005543085
2010643859302781388
96105090
744379784940920852
177713820
178277056707672404
2077101078151937628
392026369
2075786903803507308
748015053341049252
1690154727134056908
1704784407661865300
464471750
1241151226274662939
585071043256448845
434340345831962884
200085753906326285
439696364
425561630241657372
393561553589110485
1896374517461186660
177714415
239876338
689648731931777124
175455127663520284
2139358539172773908
89184238
246704381
19416820
458260627919469085
2267826648203911268
1990139125969113187
1240318415908751699
1820017655425016588
1177059892573357699
426893926896607092
263348285830806245
54299856
408418452
385392574
109243225
219333959
266970956851186285
938510472188833692
714157166729938685
1448136513192766060
1114742410089850979
563868143
79347328
198326622
106652844
141473400
379214808
321456929
237885534
258003859
336489926
303640234
1758154989580484588
745852238290256412
2074332191923068788
1382678703363758380
76114669
53831037
2073754301080526868
1946201710957335148
240091345718196244
258558268
1387351046898596580
647951291660129885
1767866839605135340
587698344964593925
681202321528021452
2117181892388486867
535275736
1668185616049348347
1693061284629843588
183997227
340018065
551073154
99683383
361599566780096812
290903509
192105045
1448476699967129180
336221128
1817898087846862748
202242315714606685
393171017602443285
1512564036423218980
308404393
426503695039618892
623498272998918204
431887529312610644
563461257697081404
435143855419623684
1691906136722833268
262389915530225605
228032026
131805149
51366818
111822149
623899137474627644
317338803
70172916
1047571935564011699
1945725642178715948
1175816717077842179
358661880
576492112
420860498
562165520
1947624913538838188
407949692
1796444131842080947
60206758
114529593
93326649
289768984
340100335
441980069
571111360
340376911
580263968
327117371394832405
178559822247451164
938828753492529772
413466789
448245222
984359623839200819
563256056126715644
1950234684873474148
2115898738094830027
754798311513339444
495485147921722124
873558533495243052
1541268194844807907
229560575
204406226
74445832
1511550420479088620
213325520
2077943075907658388
747305067873718892
2201728987625628028
582438030281119605
419242025
1434048259071354579
39800066
537449749
1306251595589806459
2266299259906408148
1946278750306152508
1238256485602703899
1575635645210613380
57586825
560900886060898444
1605272082809172307
2267335009563804028
1925524643684897027
1431425592308848539
874775227704798892
1991797948177850787
937848761659175332
1800184426686004907
1575128924707215140
149679769
232881628
101336729
245058524
539559087
281277598
326845027985700725
2119668726638215667
309410376
1822178947968094668
692750906639509764
202806378356496085
1822674690113794388
557491779407654932
524348709576136805
553115693562684052
60417559
140923235
271947475
116621374
166698816
498087536806734004
689788998681340644
1883281204497482468
1604135975867916107
1691707555040964708
1670037361404531307
1638291073386157900
425067743679742092
404910676
328736809
144391442
100104081
129045447
367048297520625444
744404086202785892
321742553
1926202833916858667
490492999689245292
1988856507388162027
1495513763219855859
1431497309715035699
71823503
55083750
92229827
300771001
347483665
2051857299793112907
1449742482984417380
1447666897136282260
1447858771370158540
241704327
623380904399366044
256158529
561428858549581524
16154718
136759503831538125
72525406
268113536619526605
1383978014931712300
497102727
261721966
2270797919797629628
458559904
371090804491003844
1113469664586967699
1831399561293670700
1799716446272667787
412095338
41774142
92516468
302338671
496524640557205724
548386098
237118274
1766494247224596620
390326060
1637613004416788980
1540195148013867667
430412561
265259357347436965
579211786
618879292982280852
1543708860111822387
435755829702088484
498860292863616964
1370208344492718459
1733424857293999827
809324378744144452
1692649219033181828
1732254556471348787
415429087
136918384
87497971
185849955
76160945
97001218
132632263
126226127
650032310709848485
810344284365443652
1959864888540723380
1110313382911048299
1991864467287462347
1864662957825221227
2202385486615011428
1045997357341972659
2009969728750031308
2052178076951031387
207518133
1689722545198337588
206591739
229742502
12812115
78013516
114823595
177823428
1494354754227087699
1238146194984437579
169564801
1830803320083118340
1301860492926433459
1701853268609935780
456072929404483325
809991217254489972
1769736748649604900
1641934429118228580
200647714
108407669
234243362
2268710424405454508
1673142211571233267
1926682327350119987
1734401864967282427
562926120
1831891134531901220
177889021506669204
251380169
1832607731982244100
469272321
810661933105037332
2204361360768257988
106749200
1989143274311139867
321900031
1238415534464358139
1573784414626948860
583529262699014885
199406335
497898733546543724
1860203939867087107
2076026286510461508
393876634083600805
149248655
1987943830462926507
392236665
194162659
1896930793536727820
1180632729848412459
1883283729445880588
1829719444252006100
557155130256944852
2011179213762879508
872937554568466572
552311674
304641128333933044
135130334321772205
459402006
1924007052920209107
1497990980573215379
1691773122283983388
715145472328546045
190363269
199020218725136845
1303450238675261219
1238013944247081419
1113129105424538339
2121055057060364427
1048862308976507259
572553730
143419522
176361066015442844
495555385470797844
1174188380421990939
939823516135371492
1734331688041382547
1498284582176881179
1671683960040992507
1833196327176058740
357914250
275947576
1238015793201429179
1451521240163093060
524781650375870885
2138154517682885148
628213514210289724
391329944594151245
743909464599948972
680165205274673092
1667998660725177987
649738736131016965
1450334113356175180
508267482
1305367023795497219
580237006
424495198
198926267187062565
629083004725909044
1802604788131688187
2121621355810091507
491817260661870212
362942261569134492
137389053745772485
523430181
1861062960959644147
365228405
1382754958052505180
1959938391084308660
2265706106903810548
577637596
939533868502351652
491731038087525092
1833465394568059220
650559833494513845
627190922164824364
1949211746649550868
1641107671831643820
93892002
872962890192044052
1830869277771089780
18301758
128419771
443847517
1925748904307253587
919134798539684419
363440781887353292
487802784581783812
427065981996490572
986064985042974939
2116149846443368387
682406703870103812
1925577805108768307
2075632688229040588
487176432
1308297886136187179
1961380412261549780
583053538114832205
1894071943136430780
391603784475879285
1796219140042662067
541904775
680734356916499212
573146038
1607617425205834347
626578252084148204
1304220657773987539
182467748
555952864
922864209764320939
1928503684019622627
183131769
77474198
93049332
207859867
206398861
561344889
292378737
563050499157407964
114706145
79464512
97294029
366186852
201718000
1948772762171178588
560436912474097604
1573756423162152740
1703436938445342660
878241870499540532
685611244494179972
510595906
814860014030241652
413686597
986157113528392259
755409165725211124
1988438665754718267
2142878596797616188
628150142693096084
1894967175612303940
306423076590946484
1434742902508533699
1822898749195562788
1690994924923650668
136586850760690445
2270651973807874708
1689767975599300388
1669800227121389827
1049923764179097819
685920895004557572
1500507416027044299
82549144
872891163524145412
241127486332217044
1496132124918876339
1176917408662517379
1446062209262929860
1693128261912895348
941395035176251732
434461311
553185845284053332
745566194465963972
747284216522760132
409034798
1926048006632173907
515296933
2076323336776143468
626211104896210604
330445708
1176915497441536699
648138734913030525
987953043985889299
1989995415886184107
2076297969317552708
580664039
1894952192136018020
2141350294376234868
2204524817377988188
136086935818430565
200038730978351405
1509811573713766020
1829642741320919180
155962182
1514116271555143980
2079239869881622388
2057811140035595907
309686210955782324
147573249
317780768
1755939662127607468
297265059
1863122500960350907
1574550545014303060
301141197
557854095
2117601446537720187
648854881063798685
553845519675256612
584529677507078165
689900281851336804
1962856009356278420
429696988940481172
181099053773563804
1048528687354992379
1643794334860871260
651729646397220485
308023617498363524
564683763337898244
1543839675901861667
689542312697289324
266343135198358245
1737033841984156187
2078721492948205868
181050522520807364
586778361141417925
241455995576633284
332074809121757085
392482901532453005
756893402267244244
1989629836685672507
1540333429353833147
2205686375462576388
923993710711613659
1515271517818440060
757603875786041284
2056573698810114507
427390261631967612
1834782847128360940
2057063884401799787
1800482277963235707
490521887324721372
987876900495247939
181759451667605364
1673617561802887627
565302926550923604
877373894750584732
2054956055182922267
140550836838427125
685752791814643812
523162994550380245
691800846936090404
749728493159473012
557086437553364852
716353683619784285
176943985197164124
618963620015890332
427220192977887412
171928608
173880057
1797015430116855867
229644535
1797694732642336787
446653110
59329999
1737263237296734307
371080378556299764
139594214664178325
646901297097324485
429143318891364812
375632224
753581039316527364
245969715715119484
474168663
876431032782057612
288567097
368786750
147697199
749686213426286132
558726710540603412
520378589512997325
158732530
1865581874491649787
1609544255518159227
2057770410109514267
1757258636201546388
748537516562870572
1928153322869650027
1050689608757196459
499391723
558201227
1608920167752040347
500543510214990204
1758558325295792468
692800751287446164
919680492155361539
501200248988452684
1047939343390832419
430297118754640572
2119991183037043387
2116840841607856467
710738864711173685
629645520355457404
399760421
710838508050602365
179694992948947084
412807928
150422507
1451084663146341940
115238866
2202387209389519428
488164182234181972
311265752
1498565541128427219
2118018234325700867
585624366
283990032
1671711365286739947
157489947
1115751652538808459
652084189292407485
620785479348560412
1960263906647501100
1951110243571417188
716656094791420685
628838244461370004
1863347775596945587
1887308260375524108
267996594
179507362124150324
332628791468345325
757102696133884284
1823920798327922908
1899164977020262140
652209436552075365
460629529329322485
754900105213282564
922910583888087339
2053891797942407427
939345373673909812
371052017832884964
1048598128840345539
1243940350621911379
588360589530896805
2121526211083869907
1767745062639032340
2012925430914899708
873110384021634852
153600317
54212152
90684270
64652128
1509612374460057500
369002074
577899091
372473161250248764
919509564767550019
2012892396485214068
1384475270403225460
237513231
2078521160580149228
1370989280739379099
267100494246467725
1737018247859969787
560542207461587724
365447492104363772
557975043340133132
1640253916361001340
1051993917161114219
71315260
562066272
326642556
233822179
1499977873554667779
1993484868868824787
1821379240293244508
1799237952156827387
1959925842904853260
520487279096244005
1303785368385402939
1992758059015487707
585351882
393876313006639125
588531534
492131043
191552459
1835496845664654940
1795636538425848467
877579310250770852
132956664
1929466071624798307
384266880
2057685435211010587
435502761
553689097
2013708426797047548
457201394270746805
1243751690577684499
456908917115786925
492377144440717692
1668615305294143267
488078128795595052
500601589139175844
1111599484331796659
2015344078991085868
1925716007113944827
1369724437107149419
1387189077511751940
878083677969416812
1509809377645292020
715799299083147405
459099367470126725
415222698
137964661564054005
987982320864224939
1116107931064043659
1178603191834859899
1513589391151811340
877602599790743292
588028755542554925
522539747009235405
1449285117409986460
1050650610518394739
2206059716418162508
139284523142047805
501083833442351524
715979487232621165
2271006490064253628
1500124006832896459
1499595642303907499
1542584888311389827
495608104934016764
1771698262209383140
813060396770311852
1707703095842989700
693598773656644324
1801498810403729667
588243797264656885
877723542058790532
1515064492312790740
875006501223903092
371741558169544924
1798611584814338467
1768633867274619220
562358483641146124
1951847898082357228
522655924065184485
1499353232431483499
267607771178215285
456782132155807565
1957770829825710420
1757055029790138388
1835901173347625100
73764127
1243097000969062339
195654666
922798867766036299
489971324028342892
1928102808801681507
1493967883046123099
2116779269156036427
1989557327730086347
475538362
1243475942874122939
363353372940849212
140521705645431125
203945649602341165
501683059468458564
812407575790416372
715241546919983765
1946578684624949228
497553361319061244
1946055188389613188
372062864502463124
1707473094470400380
1609143215448056467
2137659392018300628
139387306161240165
2140642152936726308
2074462758591254668
1302848077288499579
533193264
752746194690013044
582940354
1178883714878985899
267360445033765285
328414688201406045
808260870381350732
1734161009574494907
1544735703259128347
429472374183104612
1575754918465832620
1767065863756953860
691212120480426364
1734935653672439827
1963814961127168740
1835120422409964060
1707943311381166860
428286978159316852
1433138754736241179
536004796
457166854
679890684234944932
2076159686454283908
1432925984522168219
937974916298616492
1448010790083676380
456677516698262085
938294787246846492
1304060400703703339
1797649678357946227
1111868912509532659
1240380464446740099
1449872732542372100
1757895337711259948
2270023530352714268
572848930
2140097268403048348
1496060592765532099
136869196376521205
1947905203955171268
92618327
427034516300767292
118967051
222717192
920851533289932819
1115169258731939819
2207168546925436948
1860583648454116067
691626297024232164
1923934430141882427
1927317406373040587
152828403
938418521558249212
1771355595862190540
423113412
286092108
466397514
589282671
151822583
1765699696640952700
577017879
264869516632439485
624871325878216604
447114850
1111097885181326979
812333515429057172
179456241766079204
284558835
1368783349707151259
1673095587192680507
1434704468507350739
201936838
1946342943956410188
625421254315198844
1929541519853212027
1865681987241402947
1737483934775575227
1866007379604102787
1052030417161042059
373187854810814724
1737706181282193227
2207974391084065108
264315407081908325
448959102
1962369805620275940
520264504477005485
300326194
652013551260125685
262235776
940465612411789852
583161417238349405
550607722
255232278
361999028710756652
153830323
1797532859698680307
582896932995590645
1383989480666265540
1496298948247849419
325836913
618280148996063812
1767628680166595140
2053993182461882907
177299528
195973186
561734147
1899524971062793980
204647528074123205
375326008
434307946645162524
179173843
370330412618410204
809248242278100572
2204606201515061148
1801313556439339307
281965862
1450689701034649740
982658788298578579
1111489340604426419
392747011
1576608820217702580
1436383391539845099
1542437020944376107
201831089668102565
430534229483507332
1797875220520828947
747693386875092932
2270891863673479788
1494573767642081499
541212101
534061541
586904335276181085
1050670246436648499
1929822869650301267
1768138918146754860
744384221916128012
318888925
178258686599624244
292526199
201708198810671085
458655850814305845
2142398380148420308
1758729100696076068
583240500413793965
242914844906379524
528857114
160159608
1176078076117125219
1770731403166955660
75761380
451688221
456921249311218165
2121392382049169067
1692407548616982948
324648259
493832378
459843923280471765
462713785
1703518535756318660
1307008740130785339
1962508452885739780
620027718795948812
128377467
1925076339871920667
2203790889990013548
40703628
69577024
456817094303074485
1447127704474635020
262408715745286485
811086292843077652
134063295
1821749239103255308
459775548444596685
813440116371812652
1514795677556910020
1515187152306125220
982889205425428819
178539786858276804
920974139649873739
426222528573940372
649742744337291565
497883315993913924
490682811896635652
1707179712527534300
328431804764554845
555009292293967972
2052915539652805307
873034780729864772
2201966130820947828
814554708323930692
365014677970543012
375738887
1499509130776053859
1833435938515937700
126403282
445925202
452516455
439960897
2141159960368078548
811485543147344372
2076090915457302428
1960139525761996540
1897604625934715460
1240035684375459859
1795843281511763547
1046382287579085579
539754083
580162319
1639428350060206100
476260623
264742576563062405
36493714
279501369
241732393262455044
1449297863708088300
148491206
182109994
1737346208296296907
1179441749317314379
1387068518877726860
1886693112362569628
131431117
1450962849496422100
2014216137964003668
877907452964237372
1496016625076910659
1515267848929802340
983728425711954579
1177663867857090339
443381761
942247388602704532
1447876453484308220
689413871618402564
1174028958240573819
1822125004120608348
920308072211957579
494378946
427695107379965892
1605176740496273307
433392816488618044
264665150222239605
539997033
582813094386509805
2204479769227297188
59349522
554420969687723612
1736843064710381387
1703083902847724260
304675630528190444
199357432145414765
1177784725155235379
1766495133209569620
523392468
809023765560451492
175898286092888164
179961402015443244
459426803142866885
333181306269456845
1899844949978736740
1435713622275573499
1579590718184868180
269051303521798325
108325978
111140219
166288109
363889092196790572
1898375386490746980
1959869108978247420
1447961902931302740
1605963973867143787
1898273828383528940
940493896367297012
918285817851648139
61035403
436796832
135402157282842805
1795286914180947987
813371271546212812
1928919183810982067
1368724751441685019
626265634166524364
1384420812438619900
618703169801469972
107543061
137310273768372205
198855483901527725
208792646
364292461412872372
370203709529320004
532179464
1949295682507686588
235645397
2009653602586329828
754660948152878884
919556230023894859
1866527052097896747
134545939351169605
1179428258915133459
918036411419146299
1496259496513874099
521521792606787805
366785621
687236136983722004
1575159887403775900
136783961586755685
126164276
485393919
72862736
50085186
395043248448109125
1733811391649682067
490704598093668652
936084410955722692
982077491130317019
122192465
295362787
1046233149652326019
748348701988421252
33515466
1579145395152250620
136495941587523885
1512519876693023300
47379668
2119884691739435507
2138484014406218188
1733007125648908187
939025126931362092
133019270
565702754398911084
496731356056254124
810551898196201412
1045698751614024219
495948107931142644
303800245590779644
1896430549591583060
201081591743780405
649309644558014965
467752872
1897090577478953420
522011995395160685
2054753931441000747
2117596781405913467
571341060
201800549
227013692
313756384
939570143181341012
754836237722138324
1045872909538395779
204957108
1672450754742816787
1384668760333772580
168417709
583942324252841765
1384933573158656100
589386784458655805
1609795533998645027
1116244043166955579
306339127080986364
296001214
1238327445561538259
1606040168051048587
521018367759940245
312082098
456627994
362937370106294212
1511118461263432020
1927088648250831067
877902252263678012
588376953721268685
181609054484732004
918437723286190019
1370495524563241619
553891721953534092
138339113065928725
753332303493023724
1859957675866943947
578393530
1950837838046364228
756455268361856724
1382196278224292220
175603573303630004
491785494
2051752052907880787
579528402
563626469217450524
1754388393053319468
1754772142645178028
201428675500734485
1578381364655420980
2205863542655418668
557896724772667772
544529209
1927775445344534827
189034580
255794429
201199000
2052723354721640267
716740036674423085
1116032028543068019
392595021891774445
328557989057808605
647373238215624765
397687279
105486430
391092846185109725
1578620705020303540
329313365905045365
185035662
1110975060744407499
1540733273558622907
2204386028444807628
623489565011359524
938455243759542492
1883074256545436348
438326695
938580329553518692
744470927190761812
1494938115920558219
569598634
529696363
487925118800760492
458177231832459205
1925815419217584827
392446298816108805
223244891
679884055174459332
1690211959004213028
650384989626702245
1884807884831490748
1540391083355476427
2204632182488998028
1113367641613833859
571487345
41230573
565971557402692244
1884833623498048228
581961038
2057271703687876347
743955202625769012
1177984421012285699
2057362131439772147
71118920
650150564549536245
1606513266668433987
1049193391704463819
587054321131915645
1578520384024156700
111152603
1113357342150256859
1382045275001928220
201142412329417405
144610883
184949389
169435192
1830961000297892420
227435311
2122416988562096707
1963464605687081340
1900063953552353380
1755254025913807388
433250144170953444
1988794654906503347
490710558
426851328150597892
390859819684010525
1819275745064992308
1495673448355195459
172048025
225909017
124026585
372147963844511644
1574087145591982340
1886469912964066988
1386790263355770900
1452056254836950820
877813691664904332
493880632132493372
618552434986790612
1820305942566945148
1963848267972761420
1606373010892710307
490838576208555852
1308174365591357899
2206516932432990988
521059742809995325
2120873653342405027
1992589146428531107
396605716237748045
714405059975952125
138277064191002445
1448404831535503300
266469005117650965
329521511252998765
714789447317961165
2269568940063367588
430173568
810418378614198932
550661294
2011391700869623468
1111922469766625179
329437287831845085
262674975331006965
562205556
1886599997555110268
1801318752979816667
202876450784630765
1707602646428703020
163338464
1988975186630013147
568723676
454433485686135205
918134984925031139
2205285536254639668
323707211
1180177957130393539
2016211449000194708
986297089296557659
1369174192827095059
98871167
1243584547683501979
1767668596520069580
456945391618954885
1048546378422364379
1447410225115514740
265098981902177885
1111470173028649459
518960252670327405
499838212211062644
939274870844158492
495983865534551684
1833323232131758060
747737803154481852
687879030212675724
918922637013636699
488263583538471132
1448247828458464980
562613889878738844
875962709016666012
359967787417362932
480273214
425161295588585972
1947630786581291708
753997207992695324
1733130017214702227
362237836354671172
1961039253586299060
1239446786856642259
49791812
172463693
103811842
38651755
1638549660050933980
528427509
41655224
45039866
381354806
1366173402576127659
423955305236160092
680147037635244132
1509990317301421860
1893734285834926740
1046333218401085019
1046053346570250619
239915033073793324
458022865054910765
747507937093680692
921260197468027619
109485478
177069414
304834862
105576944
526600069
293049408
102760455
59493707
1544626643936350427
755875187605817524
71847262
1430676587479890339
57304507
66640565
260150096
260767686
808834820818378732
140063099
329546171985906245
361134576944074332
1540087315960824227
170177767
169824736
205022141
174743618
201383064
206272016
172903216
115464316
176040514575427324
216171971
104344839
397459891
162398639
1859415395088314907
349221041
687777012530428644
114245815
439705372
100802128
439872562
424359017569656532
156990865
1690336222361980908
261924439
261513321
439311202
458025324
589264356
2143352878506406108
460747929101461925
508668924
560336673
687646324174527084
1801496963775582747
1541239228516712747
1832962832863468140
1433367490599270779
1736475223398720147
1894294571059353860
982009631679887259
1110920323354716179
183987599
368529489861002844
135237849
305564661415737804
450140668
88911793
177403900
448054922
127513212
2138380653151448668
1960073551165880580
197544140
170889367
172259969
184528810
238383405
2011236440719495548
1988961709869519547
2051637493755424347
1447449912659670620
648872904729114365
2139565235308741028
497899295297787644
319915481
1366398607580109179
562283018779613124
587999919
937460167344853652
1670671588444069547
99907081
99898676
434894782652237644
562408647979608764
1834064580407245100
313197521
1366736254491985619
587317646
431455640400328244
555364920
2265963104404758708
362700438878974012
1671154737110417587
1882991311839122108
553890435650568932
1831773797997476580
420443274
984499185768725219
982959927861381859
1546463291060789347
616347346691285572
1693621934156751228
1702273440699566140
1926469431631966347
134037588
1494059105143368339
1368593647009105939
874276929318367292
586308809786455645
525067314
92554726
390739033186003445
2076156387207548508
177537892728612764
563752940
1884730183224700948
499770567
1755607183005606108
1574884828287457140
1946480088704421668
489235882100805212
142478152
74576628
165311569
534327832
142205804
113404099
160027659
495677214175771124
621707634002031292
539761607
417439947
368929515180469004
267497193935038165
2266731902709301668
616754781970563852
1835075630365543100
1669599019501171347
1928424022800478107
512983776
587048523
292302375
588576024
1796296704120066347
561090014030464884
1387301621614458500
1670157843418206587
2144466783093751708
2138200077855264548
1048916084069119979
1368408749354772219
2208478118421005068
372885860
320817865
1302147820755015219
2204671140115693348
498857171330771244
1177236903222691859
1433245613675939779
458046910761519525
329831107422214645
1241558051445524019
810561128581127812
1448918801334344020
2117936204249387747
1516516057755473780
1113666769723976059
1949281895583736068
201900074196834445
488411259354898412
533682404
1175949818885621979
1958163360897833260
204262858425534525
2207924901649216068
648695539140941965
1576659408345078060
178137217992853804
253413688
328432229
427558642
1308495137038777059
1434533771511777099
430230114
1950809066812141188
205358707908900925
1695634051269705468
473438860
2271510416200613428
332534303987615565
924107329944423099
496130855
430037065799995532
520697581392800525
456627534201350645
1114179962246687379
396735331
308277710
428756609
240325048341469524
561757923
1579533498782750780
1308808227690690819
328643890195748965
111510679
259307455
1509647714301819060
360623299768634972
1605987991853539907
28827033
518579145865303645
586349521
754802748112840524
202734089
392626367
129650440
1115896562303702819
408434833
1734006488781508427
1174097449422898859
491598528
1705258140064287300
335324984
1668983509574811947
405681228
693589028690008404
550563612
241785102948829084
1608388467021283267
142421174
1369103014632745099
136956005020473765
564377774864820764
652650488196265965
1899858448556882300
205001022
2272011550607003348
502299495835060604
1757541424729735068
1385932918863062660
1604442212049051827
2012537128343522908
1303487512793221619
1796369774137499867
584876716033645245
1114073870345635779
331561083
350781634
139459335
162879053
92878248
1882403922690450188
213740665
432643319241877964
1239257832147937859
196215312
1735795716928524507
1499283448357673099
2267970180600844108
176026875489040524
1367491070771844939
265049884689414325
241424136877615284
1767204990528338660
533975296
361333796675776252
1543809866367951347
555799333518139972
2055578026197843667
2138448020418674388
94089822
114103771
50540978
2265784921754206828
223392894
1238671117832448139
496083935353043524
875559798786322692
2267239697214435708
1693957149456437628
1832580648668047780
456346775397750845
456034976941881685
618608778730647292
1512468091960903900
746117370472394452
323389107
1640340668913919900
177953875
1958073176081931020
222296970
437563251260032884
181495770333681244
580301635
1447743236518246540
1179673226753709779
362738067066171332
2270229468596379548
308566537233393724
587572314361862085
1694996048212656868
711173685587523605
2270647328342028708
922222080655207179
585181145412265645
176956517619103284
2120928484117680867
681213765811946212
684796511127356012
446532640
584327147
499988129378719604
1865915786906779467
435197635393562204
1819505338661900508
191784064
1734775474238620227
2074067230656668228
1817637462034608308
1115746925325014939
437423900138768164
74321723
1766937617351752180
316152037
75061809
1945975318325526068
108511240
360841079761764492
2010932446922702788
179313787680630804
490400877839491092
745796696480613092
1692072813076348588
136784463834057285
157482229
753618047287077644
2138380908909825788
585008705
432592404956124964
454748424841591165
307022376268253164
584696894754228965
405800150
1241545651093412139
1237762247616911459
384085301
1673650563012763187
1643459650312612100
1244423344463288139
150120036
266447769
349868609
1895676471157463500
618272022659223372
34009353
145292948
231814301
1112130721374771699
82774553
520728369048460005
488604573366403732
371111429463005684
581007796
650194740333881845
524700870348539805
652644505457486005
584035564916169485
395958650307816005
1178827674982861219
1859640696086704507
459489958666512285
262424099440748645
548853120
534301182
555098948
432083928341100724
1991826173097791827
436684861267113724
1578241200089692620
102205572
689900217527547604
2075753953480367708
1959925281215007500
282124010
371923985009240284
369479473478928644
875219401108959612
1385574312454462020
357695787
433778773037512924
418727545
1948920180359877148
126600528
982953158286673539
530560564
328950822783269285
16330956
1797289095552340027
390869178187291405
1367551947788154459
745189043139653412
102361634
539504905
475008814
547165113
267817908283991925
67682234
434841276810164564
56442424
30485832
364110246861340412
555118338896208012
1449529942394664980
1771126648130180740
1384050398580520700
1819764412001415788
573173292
648784820176349245
1304168827233106339
2117628677064060827
1925885641307087107
1432103894163692179
189498419
552263932
427281659
1770870644173629980
433385809619441724
588436221
1436166536506767619
328246089204476205
526334967
396195658794809085
2053954794859696627
549094277
495525717109663764
573547057
210411490
1834894755563162020
628541003828701204
1836123692298311620
1802271594346938227
2120584630279937987
693471408470739084
1575722946918246420
386797129
451727579
451727416
754925924339738564
386793950
427874693968720612
693354490938005524
88903724
73320752
1387449933747763620
587246017
165528698
1756960389826695348
497670867905870444
519721637355055685
434148023466789644
1384207681466173260
1511766777321809740
1385169656038389820
1637599094523442860
329572295111645525
2204684807132233788
264664212385819085
109207226
555818239683080252
395039069
263732511632082765
682847442117476692
431566145828276324
367899653146425924
1610344796590420347
2138918925530206988
2012081504804671508
1304190677820058019
1176044127660164819
2055807707194360067
433357107082942764
396385447414974725
363227001415134772
432231343324268444
553554662737355092
499545872318900404
552242853
426718910219333292
1382034901066168700
200417168
1382112983763425300
682584527730922172
457801824
1800604206359379907
1835201506867803700
748494889719017932
499300227059431524
1755920508870504708
327587785478273645
985571938740357459
982607844682639379
362906560
1541704781934809667
1949113934331199428
2118805867167244827
200357683165845605
1308055458202716539
1176008719243253299
242998882567113244
141779957
166138979
555820118
1703732961182792340
556363893069586932
1046161434953370219
1861719370511311107
2115669469637644027
265882227195460125
1643528914175826140
492538586209267252
1963523530369177180
331304742576093605
1514715828133017500
1175091754718444099
1818266453067235388
647167465294260245
1958531410372475660
217537933
938021076553408492
753900224560625604
361828568535498452
561709774224206484
919786949971281739
1303976617981634099
502024625
359327176
715079923324237805
2268520279800599228
514487183
104583564
326768047602530805
1110989913619650859
45740202
1604309884050444707
201273882
92640750
587344748
550921772
1754728519341662948
1494299783378197059
242334098
244166836
243301311
249177291
237483365
256228216
258368264
250875376
877466298124050572
648960130088065165
304550954
1829771507137054940
1897441574499646060
201424197
1832668674829424900
428268183774421692
313125908
1046486403944417619
1638181621200783660
1365922865490441979
227795981
137193793
133657272
11583837
493217282
1046491721484195619
2138037119946703468
531094021
691897251553470604
1306648161850563339
177101956386658644
1704547419887954060
753864764239325284
691257621658978124
648413607033391685
149242169
521469009741891485
1959628509443184660
563754224
746147135217610292
331276396
455459571580832365
921135610239662859
1112790970141215419
242002626273060924
50913979
90762312
587250440
135346687717976245
329825782
137851189
196576319
42999489
341008261
483526052
166997632
424154049038344972
623826486025447204
1369829592868423299
375843833
25048074
2119514034466296107
327617912836368405
329391262930233085
2051738996289240987
1046713009841858739
647145899039422165
1638673777890702900
240241968407025684
418440058
692249981282555884
1692193667505431268
939465609838805732
754941798752958044
204937348
1818917528448319988
1046882254496511539
241674872395557284
140308838
1860723782797242107
1927230881383600307
1495455735808603779
1240529758236580619
521088484
560361246361565524
1797310538549301427
297934703
1830112450647562300
272555961
410846754
710796220894255325
286756663
489387805476667252
811022820930588532
982485643066972699
434668568
90620082
232474946
1174744002270443299
473124952
1960294654344264260
1111729382588406219
414236962
1110404329611028739
136765198001998405
1382033125542389820
616350974981517772
188619597
431374476218313404
553965294092808492
137618324
136058527477397085
41790572
90398187
174623844
198652853922781885
262443634
215761782
147286553
361106120
588318506762984005
330304448710396485
262512106475137005
489046214
323932941
2138545738905099948
242590046805059764
1754188829923156148
282387875
324799271
1510777836976855060
538899890
1830056086755809340
623366603235354164
1949221974741271068
304293783
269568189
646730114032114245
176246051724663084
306056710095877684
498209233030334884
197158317
1511161249968712260
553047830276861732
183141926
521728077891651765
213996900
135752782544370045
64421559
1449037139440650900
325974293
1755836819515383788
1820512749188353708
2118437804242525827
573744081
2010586701628162788
204785411237730765
1366522715410401299
2203940012826718548
139591999
8037679
127522863
3369931
218192271
279027306
59132460
126419810
2201651755065949828
370682099
294879361
124357996
562604478
166881665
521563583
489366633
484981466
2267976428832596468
478838010
1958465784155023380
2054727681005539667
53610008
2116775529160654507
623921865446816484
573534891
362267819601191012
264038756168361565
497868642224543404
352993605
1605935738073120787
366808431
583770834556852005
209048728
146745831
53440937
25989169
274952460
448962994
1897782074045941700
1897992822578902980
137875888
1962455529217464220
2203862830983958588
390503119901435805
434662488624462364
1832178588491479660
179796146865976884
491090852848689372
1947845155555709268
71958855
1863716842303234307
620298073923653452
2013652497017663908
1178256006932142659
421777658
90380958
340191716
575105342
43860006
936216993497362652
325766360
755817908799104924
577493639
1576350880479201700
550524865
1640371629641799540
286816097
1542245971083276267
137667615885481765
2267829765479271988
1861718738616230107
513402105
361647461463580212
2139723565795504908
920259706070660979
585575072249924245
1432846610636380739
1798693483573690067
1830877396664248900
1703162697233766220
938721271443525612
456426640739067525
584827764672068205
985761974170450699
683639230553260732
2266513899854593628
1433813020509010299
538416556
1950316385243537148
519075683787618645
1112518475468728499
32127783
2202699648914424188
329880500
585662711
1176349334746245459
624686853933266844
584740219
429360805695005412
2056112807319154667
877579374640709492
578448641
245765859830708884
1575113025861274140
334269150
680279492199268372
1766058736707819900
52088650
93865613
145455024
258131994
187272282
412955920
497932319
233665143
198997710
923425176596675059
1051001379411733259
554186536
1887107351517154868
363751883677744692
137825006372911405
571864026
433820294232746484
1818831827312509188
687666603341134324
317616679
258619107
276926052
141475288
424267962210803892
143274723
317705057
312180679
1924248940133675147
1831941856437381300
1639670930831964300
508168912
200037751429842605
431534294966237564
218269711
1048786482436393019
393454836093282845
1512212717956536100
2268427423926059268
746561062252777572
554790024042647452
306276331651938044
1990457543132151867
588381656
1705738946377021460
2203830807793676828
143424372
145066295
425415066
129736941
261199228
1702539009278003980
2120699057301270067
2271616220481896108
1243562885875169859
564591958876022484
1834926738873845660
430118554216742532
1244563363000330259
475233273
1308360455905741419
2116499940427133387
622262361034064052
2268580596666913548
1049246550081033859
135725735
399111629
73679370
392024371423155845
2202782027528266308
169041646
43479339
200693058
63027086
28234527
3523433
3681272
39064427
751870998907275804
201021324
623959849995290324
1604649913610293027
1690472916817030948
2137726482937110868
139647019
191647164
1112045441265326059
2010070330903502668
363906078
1990622150772502267
1513647469236438980
263016003115915685
1607154403386954227
429664439152341092
1371716848230267419
588370609207835285
459946372820342725
571195575
117770449
1511654527092889260
371828349256361924
266576779199719685
1817562889874444468
400511091
1113725822377400059
252345539
1958821400751441660
1734935845770026947
178625230
535097540
124333353
78256978
433476733594712364
1670507086592504147
490114091483308012
1607765306134909187
1798750451790962787
1448760649561896580
1885543383940825108
986110589988342059
1365949194746583259
432001914842691964
1604693867503894947
616764996481871932
425503272233029332
1958379541692364540
582472094861359405
316762228
557660732
812214702582137092
560047493
31479486
560779319784905124
372678497
246126309
1430782524417341179
248236984
151458644
204717940
2077001280403898388
751547035496413804
334678514
1509775036111861540
165373485
212388369
936545551133274052
1949299470397862108
114535961
458799433120324005
1670937029670678587
1177608808410737219
208557099
377324804
584925106326166165
199534645453646325
141818432
1432807006850406899
147662918
139223340
382466161
1862387603591385307
922267592370779939
95065671
565109749638846444
1449490342220625500
2079943054942977828
200728887270816005
919206775522272979
369852921
580005605
446579326
135856414
1372834453148887579
1110205065036462459
411413584
280251591
2077895180877099268
1672860914538775147
1047808591239751499
89908345
166894113
1948301586366025788
615612178938602212
54001211
424858194940403252
306854347265870044
393660995282438805
1448771373421599380
921237508947056219
308550210
624354906365589524
755526373954422564
170093304
259616861
23878917
402161415
92793548
5649257
540964613
23537653
274935915
113113310
371384934
871905541934314052
238444937
2082560
687468294781343404
324729
2140404468801343908
1818265941087081028
448622060
1302204905198336219
79673732
244186223
1819639318598504948
981871234769418699
1176559782713927939
499096209801262644
232984875
239449480296250124
233584532
191108763
221023996
136890127
222541304
223457108
520767540928108885
275236823
2117991517770252707
320206532
77428656
450812260
1832434962303047700
2138746505906352188
178549887483111684
1817704060201627228
2052758430726115587
1692546405012922228
361948616531751292
626144681591978724
512182148
234115475
543323463
191183154
431866291494385524
1573745026282629580
1430183098868459819
1882417528798527508
404919243
242241695
351545698
239866821744666164
1732747625751482547
583012679
543084282
1753899941407796788
306469476
167544295
1693486398538703148
690803577342817924
138057169401944405
1177907220041082819
324269517
222558795
1383572049964472460
1573890650998037220
1861157204087656907
305496217
240624594
241018738158946164
1496658052071312019
1927953123458735947
500271510877968884
754025031931500604
1820650964522487388
746566552136363972
308009165320300964
1962456737873541380
199066212004788125
136788034270418925
354828742
306574315
1048310585571481739
463285945
653306025910646565
67559508
183609210
457458042040592685
454576854
325722369
130784258
298516083
1576206243734804500
561796065293892044
124594603
519592070567450725
424606904
1175111395985459579
1511684266996848700
306951894269773644
99026900
334219103
810755452110651692
620639806770942292
1306726393576561099
808710029385552372
625008641373579204
2009941577228320508
7708050
2077400159843812028
982066610513377059
1734193789804371907
177129965726255404
360311625153339052
137342821
419522388
184388634
304238990311880484
491537830524957292
511609132
155404979
51617121
391252902907685245
1365961219839601379
181605138
478255309
176834059
149727789
98940021
34384882
351348921
202506493
2121721850160079427
493715916086894412
1051803517109279379
1545523507141275427
493726143820807972
2015611439082201708
620575806937607732
61277273
104301229
306920775
169953922
170677884
574059579
170606811
1667095858184142787
444504817
626119859572906124
559991179171047964
569217953
456049320816482125
1110442248118568699
1510238915796224500
1766095151938549500
1668468770630012827
43025447
431852520234174364
20414483
646682894090614565
75474791
2073933068408455908
1499412829712045659
524914926698911605
754930105024190484
809682673746153932
426573297676398812
651946523392662045
1702265989846026860
2121175648187117587
1861606872544268787
524985037
1693087242434306748
527521262
115086456
561260061213722604
1673696618303766267
1579817278125537660
554708728
164829830
304862577
942043674890924092
1887776949171519028
1114304998901852699
1860155336225518187
428089566410739492
712825114883345045
1500816665718589139
362109935
239165119
429023845880553732
356209600
157777492
1860208753697006067
132283193
1961344777825536500
1510063133444045420
185482893
626186374433449604
1574404174034176140
810687430882496292
2140890612186881788
176554459426801644
562390774634973204
558577426
2265350082515202348
554311947575222572
1989761795647356827
1113337388818524419
411785848
137883306605410205
1641840004206643340
492261749594529972
1111475215596267419
555384050286334452
302913063
286115195
1959530628882176740
938716247871332252
2268326792437772908
1861453293098017147
586162331967698925
327985228
509092816
68930765
1382932271568987700
1859929418385564027
38418649
33093793
917926524140820019
234327526
215646325
308709173
313127720
346186837
367451453535995924
259529177
456444985538791925
33494824
626521549757692004
1830920579411712580
536995370
1732507054833942507
459373795650033245
529683288
2271475198635368308
1886949178501459988
1835174123318180460
1493988474462219019
425127035701522012
712732308967184445
365921277
120290014
87969713
105538343
178318641
166717862
1831126360471849140
124827318
810542286372483812
577808514
1705043045769942900
168256583
1833384295464478860
1446253937956320860
305916536686864684
2269904832077774628
363718927193424532
437734534
1381812055205877780
688328219941607364
274232387
162178491
123196317
431948139631294484
570810395
554020408
167697522
573548038
135440791525935885
1382712280777329300
447808078
553494955656773612
100173389
1110113596838102579
242319855092804044
1049237142009395299
689892221184538924
198994907314018765
1819965560665263988
180702058204596924
681191303553831132
545472005
2204603775785913988
194822888
149984164
744190212762550212
293836577
203460578
445757247
458978328
620333944013914652
2119714131147686227
474477973
1732537172094722307
114644134
290530965
626262592986957964
90127472
1174404203200522179
263491174202947365
1895984912385239660
563024243
1960713045212620380
809860144780296732
184153000
16551215
510235374
208661608
1924803898703925427
41565182
42039328
113297963
360907539424612612
210588704
430861036459426492
1964503518940456780
268733935
210867944
126369557
1990201718812397587
1960629899148011100
685891266485052172
652313122647599845
1738275951385611987
2077755533820981108
1387722562394224220
300229445
541116253
450623742
518244884
1048677788045097299
526491526
624139016417183804
1432119367821260739
1109762109622221339
939962398174544372
1307950905768847339
1494610375443855619
1881973946017660468
243847997044210004
560185631
39691507
2075888498664992428
174810153
173196779
1046928785342617299
648760675343140405
146325976
251794319
244529012
2266579473118139068
101587642
1759646906196738188
552917853197586252
572084794
1605190799375904787
87542388
1668934134837116547
489459786
515211970
536970858
872794667445808932
574574602
940218920935084452
1765890664274340500
617661359235469452
440070687
1429948962839460259
339036294
505785391
366093890
531588199
541119103
813310399991918772
627358895163848404
1451730891058452900
2052980372498157787
1895277168685106860
369846001175866124
226159473
1385237976531547700
139113596
624248099750591084
1368115190093691659
1673560227122598627
1888470640034807868
362433895692685052
1896638058246605420
1512453141854914460
520713051141638405
1990220793141792987
747496489396600972
1670959156487917587
305941453728343684
521072641277569405
1799777653018759747
1948899993166818908
306337648229893724
521800646833240125
1241318312771758419
688919832237246324
2141283833202720788
491418901089063372
330038460515887165
1493870106357360659
2009775590705389988
343075270
2207429759142514988
1756592555458838228
1948436004494614948
690370285941295244
1797146593519895267
2051608940568178547
1451824030317148300
574976968
2205126503607697828
1947304476885065828
418257030
623809515351762884
581115415
395039546915313765
432804471
424223088716091652
489381538
529678715
496692910155721444
518286194
554930142
116227619
919919043831327019
985913603239679699
1385485757662505100
583294208
2205752064875204308
1948381041274892628
1240610206167500699
688597213067740844
294248886
318099834
70277786
30576352
307162240
52236461
1928129849724796507
436447198574434924
1241205651377244299
495299499
1924841091763254027
1605162785121722267
391726367095794045
1382138658166978100
1174466355328850459
522586744228747965
744493708239245252
1176522246846740139
921725741225912339
393884046152915525
561343341008348764
1897199121698088660
330142701185378645
196483767
165437069
1513862844582001140
1303677452851599659
335431388
588444533
1448022819554683420
489895169565827532
1608975103086952507
197453258
2011911339155918828
1930426060457259107
161350210
104875363
66035676
746672913635439172
386258814
79299686
334852152
284200447
450130233
371342198898817284
493534676
495049471012767964
625000642592220724
119459616
692410753094702844
243965383522085324
349031926
248297983
219074368
538197829
108242970
568559350
464342112
2204651299870466268
1894688784582154780
1432934880179702259
937124802777402932
690027950716176364
938632617959043452
290978840
227089503
164849426
164119798
40798257
1924735373729538627
120746078
189082628
447971086
1924314390588531227
264038610057774725
568560730
86245400
424261166
420774267
179813373
573574543
298917066
123965660
1924069029685771907
153609829
356565204
142193132
310786463
1734596426691493987
1989649156945378907
364904422512587092
587983775407396765
1886531587973951388
1962870029746145140
876975616806223772
1382340925034526340
1175094244372224459
752444714562075404
183656067
624584972573886724
626071717893985964
2116452089628254267
1887602689772801708
1052620997202258579
112166555
589224145
123025582
557829417951485932
1929591615266849547
1960897027298110220
568075346
2013753142043987908
143128491
748385340599714372
877868499507003452
581962530
1302698875353631339
557736105688215252
984176283145164339
572095533
2141866338505924788
521749492229699765
305207837975762484
2057709261914165987
1960543803761940500
489190618738737852
1112682348974294699
325996626271689285
653006976645741205
141534755
684297703215583652
871976860433026812
395457708895954925
498244933
558078520068739052
2116166629206315787
284351203
1990132722982473627
1511100953973852500
399021156
582495840306633125
457502632025073685
1112005384546539259
582537623
877454291985804892
1051153191492741339
617937613527888292
2054508230447464507
492480647129076412
1702081670362696380
391279843466143725
1609351518627729347
25875962
1760403857186091188
1176421061073787059
585432219
57015319
585280191749597525
873766475124478172
687172301714396844
1899917177096202260
370695579466410044
813470804439232532
1964576836165581060
204687172187675205
693868485660781244
1833329990823291060
1496883240469392019
648428782584367845
1445748442352383740
296915252
585695100530428205
712226081130522805
426303678052994732
205644339
1757367136652934908
200799237027846525
1539628229687246827
546132637
809587660762120252
1606083702923153587
1579337398670899340
1993148773223047787
1114205144816404619
812381496950648772
2141534879908815348
1050238347003197139
216847851
1639946189978204340
362068021064404652
1734052500962602827
555768544535335332
754488237592704684
751679097690876164
1757299332512924188
337204982
370627127021942604
1797627085294768907
687387395021338924
1669215484059557667
352311857
1048135601442662339
712020838492350125
1640294070017095900
498451205845899324
303665920970615564
561724987
105873158
573189671
105876485
200073774346205125
560808632060545124
391724553928424005
1240628758101760499
1818609772570431708
122583394
346463938
711963744090159725
575088590
525606197
33232661
410128482
491222362225405572
1113632790266378539
202628388280920845
172699045
108561414
418117722
425174089
245638240
243750381
88613034
231336148
1734812824444551147
2055318722621247427
457707643920615205
92514771
399332950
487533297
489335961239600812
1702172773979658780
250656893
257474515
1731946664613265987
1576135660744243940
249166122
424494175
1449729026089400980
138561923885881885
468104045
2052712820572131787
624558626319263884
227175526
237367235
237613370
1302929622656686459
2077321731969056708
138084756127811125
292718632
503246059
526899789
443357151
264328097
175531541012282124
90732242
202081312
1883994111198302628
303638908203116644
2011399654376849628
423503754
1819457153938649388
1989822031213560107
1496115883775743699
137836507089864845
238948906
570701813
590069049
561824154
194082132
1882159456615477188
508147892
2077524317772239228
175789782978504604
691343989459380084
61017398
1949192247869514108
31313409
582342790
918836979335546419
252078028
248206172
204616006
404413363
435833429
179183193
175622833
1859787665681707747
360057181870599892
491755918978035732
391919621444778205
623641875867531044
120732370
1637765144486902220
38922665
753478263665117684
753285926196107444
582798764528277725
329229646406682645
136420901817494085
369806461876067004
373045113
391469837904472605
1987666441299714307
561162072
2011718521730409228
393205523761813725
1766047937414215900
941162502895275772
306997591629973484
314972155
1990165879497105067
1513229022410373900
386528921
434751252697544764
292144369
518929586546509725
1607022316329136347
1703571270550067900
1513681514303130020
1831431969917982900
1927649023759023987
1798167624176591507
537569982
1693059800641834708
1693155790283768388
586275991565667085
1605227579595706387
135237390018177245
1768989773990860580
506932705
73963377
616393177604227092
517617673
746978248243904612
1365886404579461179
426292873041456852
328836619
549681091
373328872632202844
1512171640806656020
1539831122433343547
127996027
2265546277715591548
1370188208889927459
176483917557766364
566226759769749484
365018449136688852
628157918935762804
500894405127992924
1179058969494661339
1963312185979279140
1643917910160701580
1888393608047156868
233111171
268052887012092605
578388270
755040150078797524
371831715874187924
372282557
474977010
311509454
502476393
390189885
181645333
680288713627901812
919443177313187699
1494649067024230899
363584886
353719933
177246864
1046367923332127379
201525368713959885
1830932163956869620
165770398
167450693
1116174597677188819
537171985
418689748
442846722
2137738195174064348
2077910548631544228
367796732305086644
1960823623815670460
331967065891047885
586145503299222125
876468291115938172
1736524553885114187
1694202809205997868
393340751430990165
223318495
1305266481658828979
2010490422685544868
922306521374341139
66387658
2203560118392332988
484015763
691083510513977644
809700747253829252
453256736
589480691
544476598
453248471
1987985875533856387
78988517
89256117
120161695
754261923345823444
1862530673816178267
217815676
1754869783725600348
2268524320179724228
1945669810650431748
1962028603975424540
1927654824174092467
938403879744725692
579424670
2054756006975581907
1669753310889422667
425944806396075732
330200097347774365
1960355586290289020
1755618903070711428
303689984
136232098717252085
521405009550035565
92132284
183845007
507833308
262492374
456740666400487605
1241566947878308619
157885876
1753662252789526788
2055720723355415067
1756236887339061508
306169627631786644
1821426576109191188
918688804050216979
279014490
497550359416224484
563122055
458755963084090005
427603687327117052
173754034
1799751857195102307
1926564866283061827
496719175
299399227
1883640906044121268
983801025973033299
491768596538540652
143584386
1948692882777858228
391135023559398965
1667855586520814307
198525210296981045
539388230
1795672287673520427
878604826286109372
1755142909044687108
319278005
319275873
2143386246475603828
1672479452919144707
1673065153656639267
1496208446627338979
562397694242064444
618528994181189772
2202952806197690908
2076509166362820988
1541674420519559107
232209074
522437399
2076800730902356108
1669507688629035107
562505556895320204
1989885357775208387
693387734107756364
2051727495923991107
522632473806383525
626594042304170204
2052384893312278227
271574196
200837053039540685
1926991469651631947
649641518892550765
2011336463450595668
1496291915158231459
2139353774383833868
1733105845056729307
811098116017447172
2267695108836753228
618793103210565572
1542152466887753547
874502692857864092
1949077418915095228
1448456061176555900
809841620551607012
1240311964561991299
2206491711449530788
1304496970429716419
1045439842463078459
751942863962670804
562760684
580420786
240633048436373084
425469029
1829677717713581780
1513257728704932380
458600321
811703956766237332
1368325666484419139
105244295
1990807184745361467
101916675
243112757460957364
427092190890934012
810471794732839692
920452762426911419
265492555312994805
520137082
432264151293753884
558293524
340442139
1755171163600314948
1514960712644823540
97493660
552602988178910772
1371588337419642579
1641833034661693780
587798742
1110288404640266939
175765477519837724
1609968407382315507
558020540
403293761
210489958
332815814
618316405125517332
873009677168218772
336661992
2118505748264972147
489691806
91259469
2139937290824347188
1702603940701399060
1575159664182794700
546949078
329544373067270245
458045201
680999369576619852
1111856679223080979
392724477176388045
307062114627611044
489344711
418635443
1706793641072690900
496666104538446604
332989717144930805
1754244223385980868
530091245
1515386519344158460
2143946320499479268
1306630293927700459
453808783
2139282679807234628
810049277359809012
179178091867203524
1642617135955220460
195940893
497306262937564844
746900379941302212
1383875024826214660
554933258400120692
1948629266107874948
648880619131685365
449797993
1831203286207273300
521188792
69461220
64977720
526966427
221505951
570395986
587091332
471547030
135836786044380725
711594150118794805
1302828366577284699
1543060081388454627
471228843
1992800603874296507
585661314
1302164513994885019
2202178064537325828
872560603202179132
1734550771216027987
491685897793339292
437541933213251444
1887448076062486588
808945640035909172
1990104443624070867
984038243842877859
518555543475841645
96980682
1797487978687233747
1115039478777621219
1896375375167518380
430480788400545532
1500707954016696259
239634831315052284
176803682682333924
502102880124585724
15736506
437505909691480564
117764213
176604527
544277483
171175670
1385166423902709300
166012768
243506714083354804
586386892552914845
42076778
434922119287896284
1894479850264934140
272296600
652781949165225765
1368816671679170259
1452384637262632980
1950594949530062748
2077578438448939508
745955133081260532
264439399280667005
712629831721683605
554120120353636772
919427865036379819
1496378539869174059
2053618504199549587
1736835424968491747
521469799050144205
2203763964512657908
1541820237704389027
431969568848144044
421977011
2208164026614406748
756568200100686444
438287777526462884
679482662645379612
1368456108265995019
1176397776939243459
937720678599545332
1899620967316776580
2015043566425756228
1673654060185980987
1759733912380551668
372635418773059964
430493436325527132
306279827017755284
2143595929756212908
1865527732011225347
177032132683085964
408662382
577987884
814592119858799172
1989135633911021307
500298458911627924
2120100596350804467
2052672466137632987
360522036415291012
243896568055876204
1640288321667779180
1515841242026035020
2121594348134166547
1705689743161989620
1385850000595588780
1385467758970521820
2140157335977484268
623417242948757964
522459651464853245
1435754327830108899
180869854726580044
1433398707406018899
319981425
587564804759803725
565186385002092124
1243907507112622259
983997644637255779
497752833355618324
554851801134600092
648730301290727165
1927180881611378427
171563497
134584142431463445
1499848779375299259
102645758
1957914270354851740
158190567
148331054
303957985546696724
241529480
1540839674907844307
327735911
57109829
78512180
574023091
1863341005717250187
1830272206729574380
711386577185736925
232467835
560679949
1603892978615370387
140887688
1690118378052805308
360059057324285652
1732181547637936227
1946249422280942068
2010164699545366828
371252927243167404
2119456463582117787
1883202926472777948
396642656
681271294879220132
1114051383794227259
72093011
1303745201529723099
939937869398577452
138384351360416405
135710571
1385727265076315860
143427358
231431940
2073863595880194308
139577017009650245
362494191284907852
454594412313810685
1434809383814994219
684694343968202972
324893820
102878519
179927674
1818357976803730068
425056174
710523640021305565
375092222
378409194
2269707143727095348
299112999
589577091
756652714744142444
181889038
276175788
318296790
115268861
445088506
456277554636581045
576807205
686118992261189572
245183036758350244
129183048
531258829
306688601152046764
1497772829749893499
1445651371236117140
554690837
456648632
334106637
197076204
133672613
257457204
15227971
1238983437552732539
457157944587782565
1368709364332062859
712777559920257485
145265450
2138379098984849508
245225610
935417551419871412
39286900
251047799
250552125
94811133
918332662785219299
133899085
87949330
7384423
130674956
356194943
248744361
1756712792770817708
922439598074521539
313339220
1927372555984151307
684688391059341812
938311169741218172
616944629745016772
2203768733017346628
2115763881710440627
403294244
147659835
519157781
2202987052763844348
74101932
1607857439045275587
1797972370821910667
753477251075713804
501906976
224256093
1542693942154190907
559695914
1705163688982231460
2119854795635191627
579294677
1863031641882615907
429920887
369969261
583609688423430525
1691667876848550308
374051049
685538315424305372
552595874642420132
1795223891981610907
920595595075532499
582671056427219405
938036923724398532
567151236
178020806686910644
468439103
1734182659629928827
369131538308778484
455834033
277956636
238085112
198161635
248219388
1574570178092349900
200587336
457261123
1923844953999926027
552829127026409212
554175470
2053923486791631627
2053034306049732307
319331522
14302580
170800837
1757423698590260908
623585616441616484
142532786
145904144
139499190
152201637
567286807
144951644
434335192650512164
1430614797228616019
1574309181134265060
361174685978223132
1925473580001497107
1958354041289984580
144541144
68605646
100564197
128566495
189190867
519266575
345959279
113845956
318682358
126035281
455236927
531531355
109006310
454790405997451325
191049194
238190567
159957190
247794804
483368695
371175564
684521098506084812
239508916390345404
1859812967666024827
180567716
368501063160429324
1540610035051593987
426080416
238717792
122202390
164287085
745793890988532372
393017753518312085
1668992632063685147
918931810703287979
418601802
582793039494355445
687846677262527244
1429923573861611459
244512673443497924
582967079
520294098239023285
1367715890934753099
199461683427887045
179785386
1753629442378804948
162256088
103725528
176137407
176544704525215924
261498031
1959986823717508780
872334691821739932
812818681774415772
2139219558388523508
240388505
329578733898389805
517866540
526565787
1510817031687158020
98317599
493574003391619092
620720165150769172
1608581804380089987
157199455
197299621
616025258507599692
1923771887700328987
229644043
202304838
1768318224699606900
649043608419272965
2119325617235816387
679982940292022452
1960568635179038540
185741817
402325774
422963502
76834490
1516055301567088300
1449903144352307260
1541808351624327107
491262268473639532
2267492078241230868
1640536480817940620
531686432
1990570383374307267
534536807
679887419194090212
500715564
2074113402821992308
1574214701377239500
2202112112414814668
1447286403596913180
126202363
166484679
183914382
22009459
579984207
756405083310045324
578221165
420401257
178450339295648444
228278525
138717415851874005
50695102
756839636115155164
244529861
178009096281626564
180630983287547524
652038213475805445
872537333950471892
455201323766381245
1179517582665164379
242858519
562728028
2074628389285409148
473248593
372617739927926764
1731888153661166147
2119009317430796827
648171938853422965
518827188237707005
98732589
1575290989995407220
136484216197352005
561310996801297004
1541445807576076627
1991406798447771667
1111883906800609779
500360670097230564
1642493921239583460
2140147924418654028
1754711069993012868
681724503664566972
1384374566826343100
498696179474130884
1239088086551910579
649232808165341005
570851948
295983606
923017638233426539
430276443065843612
1579291252623349660
1823708119156932628
692329959042627124
689085124138277044
141125598
2201902131107954348
2138849952291197348
872227842407637692
1637847653073172740
2076544834285068828
2055456316495904387
2073711304914834188
1174469002994411499
560492048
240536267663817364
16277719
362897522
244150609556978124
372558747671415564
1050111838497761659
1691628094022729988
1514032967859702460
2013368124242915748
1110898162532444459
1447376769020098180
1434405199168153619
757081587472512764
1575959408132741580
1888267984988704668
480388413
1990997218114551347
2121375395848450507
2139515044562259948
1822976510397349428
1301249072133724939
1757733940070309948
2080462390936731708
557406442755695292
2011614982428745508
452044260
1770432589170575580
459112895203620765
1431643914516449459
1638663668048619540
625212928197187324
1576190778402805660
811136448678305732
1240601684996454539
1385126457320642260
2056186470341541987
1640472992815524180
1381745753317386340
647847571294971925
1801914399264595587
497923866286926604
873938260736213252
568156348
96953618
1497174207465175339
463505464
1494493090703984659
2139900462763142788
1798084079346617907
1834605880460502860
2079919116866039988
715097057151965325
557663356991741892
1895965757408430660
227192382
1769531925712455940
180787076
435145866588923484
1305951675409151979
1949670745022763788
1431876811219589259
689222395287394684
1048264774312949619
489030539989185012
688137422857733804
330128191254247205
984094115946752659
172105881
487228392
392968942588135245
164506429
588336284
137545794
550729935
1638220162127124340
2203709482188975788
304129684421740484
1796718460241236027
2201549339288711308
285775292
213412823
285333389
282122117
290537880
95481137
754396355512244644
390458444368164765
1797101055172333667
435467886795617924
2012421127536898588
615964427339169492
554427727912497652
1368005171296266739
1831891242218813940
151766975
177423347419448964
362240995350064932
1818775317283627428
326584644393560325
1835625161471723100
2142795181395898868
491362789476073412
587175553892091685
1050957822489795059
139895656405387365
2203492186514873948
1540619877106945667
1542794628311359467
252058710
809292780726321132
874171058475897372
33307599
2051919518926185067
744305593625669972
1894194611360123460
2010823543394869388
1797919560958762907
201173304277837645
425411829187531092
521208319121783165
1241563106555177659
1819574409614143628
457171757492845325
304894407335922444
570140252
243714372870437364
1575687527164774620
688549955641308764
518399202639264045
690327595376175244
544740345
1689841990515457988
226746233
499331974
812343024365330292
559683760826354324
2265771523257786868
2117892060137996707
646876364327021125
61660199
367490489892133324
919572105606645819
1865034504607284947
167125559
1510540097019913860
1993707035437231707
1239739345738905699
442390368
1639511281954212260
1511700688273459100
1447505325149645060
1989078715770831587
561289492290628084
1959630757193840620
2117526320436769347
753714471626861204
1884077837756161708
20235490
2011354960125042388
497578664688626404
199897520680454245
936577202769006652
433026427582347284
134582889196202565
1387513742279731660
919980307005511699
2267952660368212588
1496299728431789899
919980178998978579
2115705017354211227
223163612
1798081151240777347
1639994071743416420
303631018171296404
261918379
262022056
245420064
248097704
234513398
224342002
1705282623113308500
1668183658940817507
2052119650674229067
557952360
1817575440041340588
521667647221684085
1638382135304202780
484729270
1177012512677713699
534676649
1052628617284064899
467261066
390328372
2053587078540894507
250479515
1047530132334213419
2075048169029951948
186786205
308683865
81796795
544294093
919113932045915739
257329105
488181571
616961021976563332
809664102237028652
201677814106977925
587966250
1831619746483947660
329275604550109245
1753560577264673068
752748740594162324
510099427
755552978631460924
1435708283999364659
1951911641968366228
501587302727482004
1882276688168890788
1498748367610152499
1514840244136355500
1668150930660118267
501621632
627078380685154084
368957882776213364
300294005
491591339819036372
1989900497759878987
536325455
504224838
1541337548778221347
562790659
346532775
1540182205875888347
1862415963113443267
810196515211927292
171977627
166207438
584943229
1640040886646343260
343525155
433343658163165164
226847808
683079741637414852
2269312050723401868
458979456
251560303
369768364481706244
1884562258926849788
526108921
556263198876004092
428800904611991652
1951134963743695068
681567069987439092
580692863
616029133448446132
1821015060574446068
625079325297506564
1959516642115349060
1818374777607876388
372492064772306964
328954832787728165
936568925553201652
1863820853575179907
1820285918284730748
2117764431598256627
1735862038856839947
1767636168372909620
424155235772424252
1898978036065781740
584954565798713805
308577766303689484
1992495464355647987
481933012
228190739
716481557449447205
1865763247301255107
620237738688540652
1305034932340972139
1769186420368967780
328982443247151645
2269143589875970388
2116906695082529147
490914591419051572
179667486967548484
1512041479726724820
1497812609152562819
1859750216177102827
1704562629952112380
1497836895467551379
650037087207716965
307225140669958364
380574734
127948542
360005860831076812
1301952503200942619
494690501
262538818981279805
1960041061773834020
1449027232401397580
985397228946687979
576889671
1451553202576681260
2011127040487149228
556310887279644452
241801546639775764
755173879341697764
328418003327698725
369765039934490644
366530848
160832054
267117003931449685
1887010365919407868
1576663172320922020
202869210
2141182160179969788
1894109557113928380
394222766
118208365
1673332269653147427
686152296492020092
1864758163171934187
1640895903902832740
236208962
1049721609864591899
494253302
1928276803175293027
2119064018043077307
551899889667244772
403373027
544317993
234733973
558913581
173263416
103852269
686087719246323252
749960365261299332
370358516640897364
2075854558501428908
1731644166946459867
331480009693538005
1179491739193190539
1575547443852544740
2078746444093412108
1928924687916084867
876076548844450452
938049462689185652
1605774399613657107
552772840
1512650563105187740
1608516662122099267
755711645114845084
1895031176321423420
331163990556616325
137536724298594445
203789417426807165
372279760286807964
365429244694168252
2014700792003392148
429957658928218212
1963742351394683020
494097128948068572
2012843890140090388
490098902744441092
502105942778088004
987836771925575739
182220750915263164
1897135121071073620
1515091568675808940
1642643447664855140
620927509013410132
1578722138575370380
1817934852561441388
627048616485771724
2015730634651578708
1386066978809354260
715928590319806805
1306323319858288179
179830276254111364
556736204669222532
304458301888497284
1754382957048168028
500771459206682404
265148467829500365
987263045112330699
2143716342860525788
500782029633849204
1887718775605915548
2079838181322620948
1382542064023439980
124947742
1304941608519609019
1883485831535504948
417392366
2206637926259253748
476515411
530578362
182429964
426251125857575052
2118563138650206347
573456012
391649819497171325
1510157485922560020
2117066713951654027
435140750868834724
426668381900604132
2075059958482342468
561954860
1498680207847209219
493583881426112892
324719342
1731769728586886787
1609429439801172347
622262487947579212
1671429091883757147
1436808585538202379
200397126736861525
466731279
362016330641886812
1694118369874116868
308715905801549484
1385747874249288420
365164487783637572
547564037
1895981841099826780
489434047
2014205438706905588
938955609995538372
171735347
492361605992722132
332709820492293845
1110093891205887979
1835913776614226100
942198727975841892
192596148
369345793447696484
1734384855389626147
1049159476950805219
1305523391683901259
873501519861255892
493540356462558932
1928440767588507547
1445678655014021780
2140140044980645868
1513512892262450980
430033950724452772
405436754
562800675653044244
919304944452065179
591049700
345751808
535891816
148511634
179242784
163078268
152567529
245564657
213233867
79179969
1701684738161654420
646740694270715885
619125075627589732
496935148
1669272897757524107
448485551
415960559
266938803660130045
1640052523235092620
626352117992617684
115513275
1821425984104562428
1732598644147274147
1512967779112273700
242925810874681204
1769427636973517260
1702795684955945100
577296074
322580927
1541152031648227627
211425431
512757192
756173508445046564
2206462712250790188
98311149
285545974
150341843
39410845
744341804714749852
162458133
429834144
68316855
84013861
460659262
153780382
263229097701013125
811648272542974332
616358769259221132
1240930775376926539
588603707
109585143
2010667997260301028
552716726981639932
1304355821962823939
1732890946952634347
1366360728499640779
1767514656355563940
753369238260475924
753368981794023884
1756977266684141548
254670950
1046317327064197859
200943394
402840691
285399406
1610146078568603347
1180438315003935219
982530070519715419
2203833181772669148
1048905350725580739
2206218337823674988
264911542468491645
1432245699138018059
284836867
127511384
1384062911762504140
1817959869602480628
2138949179100786948
555511080500457252
1639114359182428020
1692107799498313308
458742085930891645
556252770683604772
136336508236703365
162368621
277547752
172520845
373784992
133414388
1689862248202211348
1494013068505139939
1692680935623056948
76488035
25182604
504090847
15005369
52789161
171967764
125087353
1370126390381558179
305047694320379684
258498933
404897718
438694387
1797646983946109027
2053906838455103067
252218286
807917452193431892
392306138
213653971
559869033927338604
559931208
179476031
2139900911200330108
151498541
160582440
278790991
2118684719921942707
1447329485539215060
304641241651554004
1175766983761336499
426107377
554293137106399732
97650892
302650548
939234724265296532
808845729050202012
329755140080810165
392178579994364565
85527289
196314763
51208805
68956899
170810219
575867852
291019581
187131150
174149304
178637917
752712911965784764
1498864200388168459
939028640903320252
1448034914701589180
497868814934144844
547517229
1960023797367715500
1755664746743410988
185378890
437484831740545324
242330060664776524
304112047
1539287853544910507
326517493365274805
188410280
1796921446630104787
1895322074139187300
282270105
582857360064252445
520808952
11917740
1370704395190486659
574761381
516824597
1500140206735227619
1301849896520653379
241263317672474964
616020255491162212
261223396
258558467
535221265
680341088563208132
391810155
1947111649525854588
86648858
1368709440211958459
547162755
920980086256813819
561386607515019844
2207636312027147988
1801401169270223347
494249074979786852
2138378906972458748
156380102
163078631
1689933177033453348
91617050
245628751
148270752
47249834
174637599
1693195948464590468
176115173896178084
626954008786253484
324487688
181139375
420412814
295685677
201782506408576805
1897656881863342740
176784995
239765947
489153252
131006126
1509875545329736460
280594406
73795721
274327098
322890795
564523449
514710409
353097084
1495876378334649019
808516852130312972
1862867019343044187
488397693102375492
511625557
512547379
199793383
210775270
1733115610587946667
623694323707419364
2137955913346203748
350254975
85603474
239285071
113618519
131054111
240237114
261623792
1988114450059624467
1818045057750377188
303805584497260684
2265730580223458908
450140895
153605222
142087846
1883089900683747508
450126708
185508958
86273696
457816775
140427222
364070527835431132
442434713
568808891
917934690148280739
2010029620435939628
2265633702476239028
1860490460296327547
319707449
2203206012572500548
470032253
143632945
142528376
516713566
141408832
21092625
143058448
1450006058107443420
876132753328484492
619222957764739092
190127601
497072916
533911415
322355145
37580125
195977509
535561498
744253243746250492
683811146382364972
330250266755385365
1958867610419517780
1368878933753169499
1989383079850139747
413810383
67927961
367579313394161964
755432858204903004
206359996
201674058011920805
586542022
498310436
1669566974031639147
331547489
392256083
126233051
240215529726039884
77675743
93074535
1305889501150177259
177358915729331924
1366795345489930779
495699952
224317484
574274969
537329483
109893301
249627083
40591852
537512077
192312691
250252019
168163942
358241197
130079871
213803559
1510154595436246820
623892741766089484
474208116
1604744813777850347
1860764458035151627
115882360
936577010247913492
1239047693739838179
276778925
2138187448585495148
1819667953532858108
175636022375000804
1959993733822453540
754268546975505124
455767513418798885
2201543124419165988
543448827
111580113
1821208164017021228
1945989076844782308
136749752002074485
567137293
122628072
205882685
1110824146565785779
145321330
164909908
922073080373892699
712089445959788925
2207761842257953348
434257355351681004
810928548889383212
368435810692348364
1432009893675284619
1989116201649431307
2138245825989214108
2054376589790896827
163246075
127501704
187176785
1731819797573582747
321017128
166597100
189670294
234128429
648945926404020085
369480169247422844
496940496114059164
936936352514077412
1924662289901805307
561088488453536004
428149105586983092
356092553
263543006142961405
134501098595026965
200044569
1048360323171953419
369855438
1863580096472834067
1799000457514938787
263812233052166485
280326699
1368591229068708059
1431266704498432379
1307772297887078939
923305818452203539
1834542190844856460
1755381468753727108
393282848900737405
1047791977538140139
176831537064802964
1671521632807272227
488440863745729212
491095419
1830343185464350860
1882114164095992508
137406593967232925
2116284429803901587
293170871
590782189
195717668
190128686
1430132559474248139
185459676
470682471
448697254
114739095
99764509
197192156
61622398
228553566
553880080683426532
690124122103855764
208633689
454420987366999965
1381992553418352340
337981314
67925444
715173546860652565
1241033771151226699
425722392142856532
368285133863552964
120280209
192104691
205178085
98432552
75802930
389598033
49375051
810709172069118332
488531644
1238670776175482699
48840177
48839767
537481492
515168792
2202004635311771668
519356971
1369698655973202419
2077108847375925948
984648581363578899
506397306
1769844441548236540
810275446843195892
445354309
2010654185242042708
1114498932756961979
1692034009999700588
368035856
368040786
434091182444836684
627731274166708444
1243229521025587059
1575294378154301260
1769647114249186060
1895328536066857180
936110021214974012
1757782834906861388
1540020871385222907
542395873
216161523
530954939
102659668
1767203911222671500
690347825765115604
554166403
1383756389057976620
1861190044854468627
564556017767143244
265877589001693005
2117577646405501307
1820977787623497668
1820647185578037108
508326612
477056173
2075623760020880988
1733558788708159187
490300847
201805124
118898517
290379846
1894356719576177420
259589831
204835363
1767798959793633180
1928520545016107067
1671026218214166747
1242244032868607899
2079427880816427708
2206754592546787988
1176643527396095979
450165934
2054230613969481347
560174140
271904024
1368564028007066379
370178576640517844
1705295283750738340
714551068767934645
1238430372353525699
367651190652340804
747626232320930572
617884929100644852
2057535787307901667
1605050346087333827
198937262370228005
130650900
2139575428847403428
559386442564123044
1894420753045636940
1885965341854691868
1669942593617952787
296371599
919961705843865299
276244959
2202999296870289868
1642140475600763060
307355774
447438937
239514839585716884
1110205487821486619
476894757
199096069331297845
