155709842
360269877674504812
330456586650896845
2141222036117270548
1430154898545244739
92860375
176176526628195084
115343303
390796085796256285
128660917
70717573
22482438
20288500
112703251
554104455928369732
2116498228145001107
2052984790811783547
118554858
88301055
309653876855364004
365964810163310972
1690650243363810868
918048040298260619
229355538
105185985
1958106925372569260
569159142
182777676
149163348
371818121416997164
2058017325982302867
716187600705214325
431577595
373353634086611404
1949931623023320748
300031300
309101787
198426335
165080971
1512650999457515260
1431015663070874019
379270098
544447287
2203849959913279268
553182831
501045053
1575568658649261740
1445391466576250460
1303229361530214099
923114392147445699
692561261701392244
1702069774847231860
2204061794598474308
2142764550732627828
1771637062577182500
1643149465192110380
1609284639632253307
1949825409220825628
462223925
1758131801360498388
1178484855370495859
244779576596445884
2143109689423147388
876850604428050812
1963820040336538340
749970034934383292
1244194630804838259
2207558491495252268
430184516478636572
1238686918365317899
1947828490285417028
1883892216397119908
1819636718803018348
425094705960784572
393437358182427125
938441566334656372
110465758
1690783730149101788
1384244200806881540
875003666905567012
681798177090384452
1303754950428907739
260812624
1540609851268210387
616911189947318332
1818831827507008108
283947294
499187683386189844
133180919
128764237
196931146
133696350
206400477
42354537
181857748
104938939
173370706
154106622
982161865047439019
191341364
1735561080698359667
141157426
1689605409955545468
1897098020095765060
1111291776682997379
1768445441116457500
134893627569547885
1112988146659604259
1732436335848379107
1240461414166989059
1496586265364695099
713330486872603245
713330550618998725
198619294438201685
1768046183029606540
115600791
12731275
41496871
583206158
274164317
177381145
28362441
264893660865276405
711261573389215285
262623515
580416440
537944347
93238284
1430236322586983139
1990495823540830707
369546438234876164
1513475421094717500
1370054049125304699
1689648231797424868
246924497
541460133
246927969
394870000
102354163
59830806
501613065
1540303136444285147
937585696960008892
1174288275168082259
228497529
1927928457808887387
520368921122248605
1769852123393976740
458090799878273125
138812884
407121833
373012612
297458034
155074456
210435457
2115900986324902107
352537632
408410194
179471407274891804
440072449
570240360
553146108
2267906297603432068
539774783
510373761
1574600336387553620
920852030384056539
616751485971074972
171940761
228074295
491433556
215064536
26908011
167014272
251228642
295430014
2138038402315419228
263221439062575205
1495933822078760739
1047819085450291299
1432653789507000179
1511513091444336500
1734576665182527307
458164678858021285
492193329817260452
180357905
493479304
167220155
582017598
584753547
627589002910890324
71034619
584663444
1929043273806266227
1767967303899269820
1737725979146825547
497659241642113084
588381428640979205
199499488827644565
397717830
148123101
137845031
111374071
587180829
559885534218081844
581620721
66043208
572984340
146916601
488662668302610372
121227115
106822879
172409654
1705728328696330420
198906575
2138520081424171748
1859710248231866547
263175651252476485
1573909641606277180
495597919653996324
84726522
224419815
371737026232038964
134751353188788765
224040007
223978901
544017743
1451152195379558220
427960875
1734125308996518187
624479142174336644
2074078634351383228
397334763
2076674870228902308
409657158
210669338
1237895667622267179
231945096
487956219
2011643727296196708
1795648500752682587
221490510
745970355771564452
1114196207318457059
330748811249403485
1735977100306280307
126843467
1045974885306706699
569227750
1510894858452941380
420087589
202286457
126701533
985864489911778059
585377140942239445
349136135
1733996859271917107
554129725405336172
257360050
143980919
483206886
24575742
355948381
90965045
47525215
559830129453389884
249400817
100618631
293667470
1434274933197896179
560527475
279390940
1381945912298178740
228626025
356872462
1734622816305943187
60981758
116547849
1987961555367661387
554884182331788852
521266242
359355479033822892
1177801119758694219
876160783689388372
218919273
218919382
1642022823643105660
151849680
236952737
648626150795188285
234871656
228804394
201985581
330111357
16661060
26427926
23672830
26401072
1885409684633960148
751631272327419764
1240078257575762139
560646179
1047908833508772579
1495770456191826259
1767920085231483340
532056416
194733255
496644187
99900457
1175529196610734499
341924540
583411354
559118674
148648362
80246516
73015529
119316242
1367164839948523659
1238424428983224259
1303882742275717059
583261990347905765
90537892
8024060
118259678
3426151
210884469
238160917
259724096
17750085
87052619
1946050342642004068
47755865
520394594
56615284
56371501
95675928
20305608
277955379
498955142
24384551
117772044
90962515
1831129871945738340
1668885710357455467
186577751
194232570
492694739
570023568
139030606
96782950
1305134802612807819
134717913
574778407
450022232
754325731772995524
2116964932792066547
268829210
369430647502382644
21705805
27548032
591010736
541195301
366660250004508252
750864001696899772
353212556
401659619
549517097
353891978
564355796
684379498385621052
2271639725332902108
480897253
746250544222790012
552124671998513412
432787420
526971967
1766196748524410620
166962466
200859757381986725
2076429282853962348
1540830915440201787
456132699604895845
1046059180651263779
751417713080858844
439539729
1448560866866800700
125474382
588068722604406845
564639216
332270708183353525
923096974264432339
1821851125736931668
429470754344620692
937234681578279332
26397893
2201647251772898908
1765868251154216540
133928166
207544214
1237868485832980419
809831593086083092
328079770474215045
690736494445779604
1959428445721180740
1498000642848717179
200677622726539125
492078268
178303904
581804343
371927289
619723071237394492
533403363
328737807463758005
1542383598474027747
453146970
1579609422238914580
2016206385706283268
244288552317446644
499418270
560708064
200472755
496584813
493782970095071652
252525777
44601796
1948998727873896068
1509823693156997460
1990506007283580867
1754942426168886028
1175772302154659419
432104864
1577091445136722300
427960653787369132
2205214653807443588
481586009
393486086896298765
414294523
2051288167286284587
1769054597600614020
1704809684790610260
872163023265145252
575990787
574799394
500973624
508961067
521926724
1830582349581671140
1881686320678699468
176694411
1771468053451848380
2116197809291951867
369926655702698444
152474957
267506840052537525
155895454
1694894748555399468
940212956877566132
937948483035410052
2203742239183863508
112678598
2138789899327501068
680858942943650492
370114071992838324
873425002259709732
1543357877691383827
1732857602567795347
2116440872656478067
1757106235584585748
113683608
1302094425182771219
588336756
2140594034341040508
92124878
1495223617981532419
2011453819370570028
369875690399729804
626671713471657804
2052112596080673467
2138469996066337028
1304821658256415339
1961613812191877380
167970111
172974051
126229959
472771884
1539919809148653827
522380548138542645
178564405220234924
552337647293447852
499855660
411799829
211592170
451887727
497923615
1797246601972195547
521260078
44609933
1795782657084449267
440865343
579263180
391445786455353925
1495510059597117979
575391045
1948304313919439508
548506774
178523323111224924
623545095326869924
650428368549198325
583964582634727125
748229725260562772
1960849128707594660
78399486
2058398905183387507
878120827921559732
140363709494114205
1694908892199149428
309245505112582124
1510202918549842620
523395934296909765
182866327
352876988
241705776845707564
568268727
1254675
316253601
408453483
1449041474843842980
2009922853708689388
61901345
328350188530059525
556050609651515012
1239656003603466419
251019336
240366399
1765707955754260660
115672273
554568199
1494900140625377179
1542571075239027267
2138726401718202708
2076703359376785388
125432996
751373748858722364
2010209789966901228
1946007335948443948
319455118
2202792495352864628
920236526078617419
351071508
391837805125535805
1511854412787026380
689205703698643044
1833177130954947060
1384192813263391500
2141146163948208548
689794958524217724
1833728155246827220
554720103229141372
921835862403103259
938498264046989532
1540065072583323187
1895152583336908740
1176424225548973899
1733990042318164307
1895088954477455100
1303691423705200819
440503311
499099643733838084
362183238566080532
440502139
1819648399943344068
305558266321843964
874230292397043852
1959147311135754300
561217927654856644
1542173982390121107
1603721239929623107
1797595040520962107
1176998368270571979
1926994508791595427
1834177982304983340
2266796287805411428
1510385531858831900
1707057624050943700
1692202754052230788
1301848493030103419
2119548775105589827
1864091562773044827
1818896085043007508
436149576
1497565690425087619
554763818
175599756606244964
872118672912781012
455914781075421965
128377130
585666489
149879803
1754671011444809468
936594671484178412
711560585477842845
79721442
512153530
301047155
752428171949881324
55899186
542569999
560112249
89407258
810249939254751492
1435502689188566819
133631418
561952222
1179944576095774379
524986054042773565
541574920
1733039659432317187
2265155548740354108
303033818
573723249
330503043741272405
198750959079492125
467710731
294993942
1831819738831206220
361288625749102772
1925907132508888747
620676966198484892
427073158065549452
1800659679190868227
1924311542437674867
393448484539541845
1960786129273559700
176492987957069604
499713955045074484
1242173264086046299
571309722
458372408627636005
520340264384231045
1735080387561095067
579580179
1925125105840897827
1543000538643386787
303811773848377924
505255801
1110985872905512779
2139594145651049228
923720658537318219
712116361824773805
520814327297664925
234482681
453874503
267861522917034285
454770073605310125
363393401992323212
564704465993795204
1435292663613122579
1947754693326122668
552319120399777492
1860005957893500947
224692545
1238423174879283899
557629715
543660034
1237831025134294699
73233390
154199174
751744442166687764
1796688142234410667
744387632618279332
1760010556049133948
2207750110076203428
1513022391722157820
1174126295801907379
1302917309878016619
467104544
1987808553925992027
1303103009178061259
224067390
219969869
24563480
306328059448900204
373096031
452938714
1732914632986370267
362877880710582812
1047688166457743699
426596018468032092
15411249
1605253876187599467
809055542014430772
506183113
1689596581144179028
79183114
307604611
1829452935603558020
1637959494358886420
1766062408059279460
1499810553749227259
201986214
1240145558457845699
56420790
537972759
474872033
553546556533255972
497723110
375175410
197095322
513520544
312999899
195199345
311981844
269999544
175750456029498004
201353606336374765
70886701
570555672
517884447
1882719626778431788
1383586901720730340
936973439427490372
135659903413356285
305216721657944804
1829455469604444900
26459852
751631848744229644
78259263
448259781
558744891
462419511
497251905
176872705
326783446210054125
121800559
149218106
813491553876652652
488441934076711172
2009999625970536028
2010952247643885548
1831179077130250460
1446161260432886220
1897039574158100620
496101124526926524
429322470
1047623237283952259
390457727265348005
512751710
572506372
218982147
919913449854617179
1766069929269196340
239756918481496244
435412371400525804
82370777
583597434503420205
78885367
1541476441943461507
212223548
919212351588895459
125607304
331528097
158684318
371850282
48959398
127685701
1605677855383830627
710963381348070965
1731856651395248787
1957834110187653900
141109201
564217045950695724
1692101941126627228
1768730997148231900
689993758538717444
752009294755743444
553190782
133272173
1372425122377103179
876988731010854892
1945755456531387148
366179770533261972
27998980
2016268898897850068
549165752
2116199536039600187
561617470636898204
546078462
808478375624548612
95196798
710521367577484045
1835512512272353140
493674984947741212
323183899
57350546
237412372
97502560
239805980
264596574
54001932
88548194
987238693932165819
2078892415853027788
1887080795509300828
1989889540292497747
2057495126435503707
757633629779687244
1574010667742852860
398274145
322890304
1860607813957275707
488017799911739052
1242998509656074139
177846402130601964
2201349503216898228
1768416755471616460
749464601860534372
1963979745351035540
429982839834816052
1301247243663984259
1238377551038228419
431457171
2202028892421971828
553781595785838212
1927562460705906627
1900316562322380700
486819558
342679752
198904153144388085
981831653451704779
1963686767586458060
1498673219527281019
559237481221679644
137267745508993805
1511388055956244460
1306420807690721779
1366205326710999539
2138214990685544668
574753356
574213857
681186104675090812
1669042948770746227
1113863409597367859
449500417
873101194835709932
1925895642182116067
572907613
1948893546803191388
1366446037278607019
648539183744027085
872119098758971572
100644866
985377018470206139
2078261103171924508
1885913203314372508
710712387541162445
289241886
986564455761664019
1174129880065013379
523910830064339725
1637746940179650260
1051942122491033579
750660421407077012
1610528447782227827
942667044285817452
812096373055476052
97485855
280259826
434327567745993404
205131589771147445
1638971670552606980
305218493582527004
264732072393509165
322109404
1963986581007369860
622548755543232332
562949156
123760093
2206888896208970268
570815717
121650118
563823276
563466106
438065529
3778463
1733242070886248747
623787364301727884
325706292
134456680237615445
311523489
462590897
756884641575962604
2057623404468195747
745530135221215132
524456619855715085
303400522597115804
1546020363051553267
428197353497260332
533584151
422277885
626802731431307324
328083370506983565
985745109512202099
1731285316176847227
753115392211974484
501053947
209776326
244346432
158158511
1445800460609362620
1510110292461804020
1367301844762080859
746815938712031052
426488247952331172
435874622
425150002043318732
1306521368571280099
425013607625469612
431588720947103724
524689853197215485
263051426600802965
2012310532072644708
1769538027861494300
1989882931805012067
91209406
1111862276681165259
121656585
426969505
561433641597773684
1860251784709501147
1605685897752465307
1887215682807512948
1542374741098345227
280238162
15296812
572558049
878051078278889492
35342304
374300391721191564
148292440
2074379444099535268
215765528
554784262
138714710424869605
627754483024820804
621165229464154692
1894837220864072100
328660806
1882772387896496228
469219498
244498119577278644
157429083
507724255
492345193677750252
307199175629277604
563001371198777724
34720615
559806640
617995015774851812
382002175
140193162
1769793449612175980
541080033
145351243
213127586
497424674006124164
372426812
445289976
213393749
457013208931826285
628103915513064084
430405481
1495157412916910059
377715102
242139087286482564
479912540
2075383288521719828
1384245151285811700
569917235
164315011
191255881
1174205491244001499
589438181
1897753246271109540
129936342
689197058734516284
393578868595636405
522563572551686245
330995233496111605
1949627008901316588
1667834717273612227
1543389751726461027
456700055124547565
754016688391952884
180956826310212044
245131868625598044
1638328188744960460
1732757715725119027
244911944687601484
694236557761767324
1672572716656100027
425835487880733452
1048419324657981779
499173433495394204
490717091
1306301402382980819
386551468
1370098075704617139
1383239199781284540
72094345
2115617842947514827
125510603
126980268
363455327
132167175
35112357
585369968914479005
1113154952912906059
748648789847970292
1703884611484539100
370887903516494124
563139952
586009565
369790031189591644
624942495957490084
2011618191337095908
753942324248767084
1575932692269536940
570281756
391999757587442085
1703756856994661940
1493884656235284659
137072107
83360092
117605019
1382259258488247980
498772966828488484
264024814
554358744865042692
422420619
936204388024759012
324520074
1242692555335731299
1111810964666501619
135715741327100325
2202883130242449588
1708507889452677420
551809055
2080522061111001788
1836319344053319460
556394983
2056389275186270907
1862682874954825427
284963582
138786850
1510079824204154740
181281351
1833946410986691260
363952439092539772
2117638401619754547
138772251
1947674719374204868
1605386323676541227
240827485377276364
545048402
2119063890158215067
321842222
2009769395825001148
1240242368863917939
683120175520633452
434135763037661044
467498281
649274565872134365
1433770745279006419
1754240215900930668
1755930021319610548
182365815
1109851347118316299
1993588888591187507
263703056369280765
1383702490393979620
307710116061723044
1174191449048627659
1434156504585779219
154041969
2205392758666907828
30236883
453530749
327121964833020605
323352989
1829658564074588820
580461451
106984513
43605738
232401584
1799912692830281387
1370027521006274939
157595156
227421543
551297938
553937095
225772830
2118275028931165827
983955248485099939
537539144
342725940
495488782716483724
559234308
1667967732491337827
1754522065760268948
1926375643098349947
560504029619021404
426249101849874972
1704929898251582100
519283941700716565
2269093477740065468
1494639492458650139
1689863051393486628
432621821154924564
544237135
2265778496842682148
1689784442620162708
2057548520080990267
648532515501553245
1179817213648005579
361388717665739332
1369873208941926939
922538281371617859
528421888
305527093250545924
1896660320027903860
1540260029885698707
710866802171030205
208750025
424971559
2204631486439743468
490509071763198732
365938327207596612
1244627567442708219
2118310654841069547
561331885637311084
628027328067078244
2205494628952874748
364653299647372932
38658006
936013423360990932
1303308242161284859
1302205039870289579
390707916069935845
920252387001313739
326831488562346445
89978557
151053201
217077959
218153714
42348042
1755293574691914348
1926463617209684667
986224683370384099
138625684173502765
139854706130888805
1862148589481648467
2266377160846941748
422933285
363895938336612332
1638270829096499460
334262556
453510216
1829819371017574460
2075593882849682148
583274828
710725857659930845
1835728472472995620
180636885336991644
1894201841386322060
448210188
1110544060335463019
1885194015831338828
2204983230331773228
286883270
1241080167218554539
58475464
1641945738334443260
353405167
650543379404376565
2266166412787273788
569207531
425863322591977252
119326741
2268454550433087588
2269731206149399188
551953237152366332
1988061424843829987
1301922508067850019
1382422573219727620
434717561850558084
627600299380373964
2204997529971130028
1496849911916862099
587533846934493165
536671036
878463612138975332
1758075714465845108
1797664742776925827
562611817414805204
1692993284081983388
264612648922180205
148034182
485862437
319527911
156679169
418866551
392470683
1544361754665525747
690469994228640124
326821701681813645
456617171
1604334887788884427
178382062
1174233437268654179
244345369
2013837006054207668
1893688902112163420
1603776995795775347
82857388
1539699487396138987
553812558
2204695021715508948
42578771
585748662229510685
1819856499055935548
550634587
72555770
261662088
618092854489239692
585920959
1238526885886413579
753067272142280924
438041589995402964
2058266247244709987
1609749085553450867
326678437
178509731
263775579951745645
1949643359164735068
490861519334162132
306199673013929564
557519560
118653227
1606705588487979107
752260428133914324
936947860103176252
875428071089508332
1960174618333480940
166780064
392765981822367965
2122153832923394547
1383822265416059180
754829035720833044
814723159600586892
814668531843899892
681842913581801812
1865927599611670147
562044999
1047993450162656979
983927885442160819
2078515524215778908
2265096724327149628
682431167046828452
1603610770180415427
536642526
583906026
1046440867782563499
34894341
260166918
1511675805315246740
371446683362679044
1689603981141680548
498195218010159684
176929570115979724
711645642450970445
428697527863979572
177805690567297284
1450593923364464540
1822450217951039188
1735242783712596027
625702855956978164
712599078358329965
1383241961443583900
1959078493357557300
1050323854753044019
628192284058138364
648593699609094445
243956007792257164
360750534217654932
2077510527927984348
1640135909842339740
2053084493530410627
1671753915211562787
919704949843035819
328245582589712485
1925630888159859267
221661335
1897400596368804340
2012728873283227828
1925989690188279427
1174138206549842019
2205701646289850268
453375671
454586663554361205
624692938462173764
242484392137754804
461744652
489933143089139732
504859249
1385476118070794340
1176519739843697139
203388585272982165
715079923258824245
940569322831183852
1242507422281964179
1498527255645584099
2120308148633550587
1962285197473925340
691134501671716884
692132004618880964
1113546214022072219
1928259486423809787
1759762933820039308
1606021433381716027
1240202675072195099
2268466680310878428
1605774335350570787
1799196202880217587
2138041166531719188
362631642123395412
1832072405435054100
1882236171719651148
618755043211148852
876677177321091732
714951922370258485
1898349127338649700
1883871339313921588
1305303347259484459
457348082041350045
1830332843275888820
498869554829216004
1382940329247364740
307723680560113404
520547807496301165
586798253620291245
1863511126463152427
1641371424275077340
370318047667738644
1832059341600573380
682939323892191452
1113224862161132099
2268658753938853508
491179228359217932
1306809619232532179
270613544
279777066
145317304
61153650
151491539
37982331
1640288754339830500
940658996879962812
1541549644110696187
1799432076821270667
626455952331721084
691694079560566404
392388458422626245
1449873308221921020
1706487680564807620
1862353223596023867
2116806941955596947
70767735
494855317984917724
466954254
82484331
1755966057029479988
2117404318049762907
537604417
650101668763961885
514609583
1732731900753809107
921288031697336219
1178218855839856219
2055563768700510067
1542239035007029747
2013880694910988348
263828727409158165
427652072926932612
1449893515086510340
2137787107530743828
215509226
136988209
1640937677867366340
264462123334458125
462552569
808281084426288812
322201823
188578246
367442276637169564
650286447453333445
1544068852986729147
504174318
1990247705876144107
876160719287385812
2272400555357565468
749839503447294732
1992750421303841427
1765613955144918860
1240530748385679419
689259266373310244
984466812999158339
431811410018474164
650478672219532005
1433862579596175419
276363752
1860484460765954827
571464434
457211549637802645
1884697660760425068
647748898795649125
393339608890026365
1434771189071165659
1758166868499018188
2054065947314618107
499573921755777364
391459677477280165
509702588
1176465861889874659
458057586281089245
807960981747741132
1896820597811374340
332706523
390995867494569645
1175277487429539699
2267250634204889188
333875746
181000793515566764
255498203
338518574
1639721554798500580
1498025782500812899
46107988
262615884
585198033
70731629
99841089
755630025034778204
425218642763619892
462981791
1301988916100086019
589200974
1509843236791573140
2073808140904029788
140767313
469737066
583468875573172845
140765772
2055951515334484067
1823243920643145948
1242937226521896739
177217997253966044
115402132
529676258
923361742728591739
159000952
1576314400892795380
560906722398173564
67988769
745459764778586892
203317212
937318847551988012
2117992258041950467
133062415
2204079539904013068
21414928
680487504872517492
1797238016829370587
525022750
746029007950385932
22059427
257792438
1388054282399938300
2266900458979135268
440587551
428250420
138276482735192405
556220593
2074370486000180988
303492303909750364
1757895204297781308
173329095
177963269076814524
918303572573869659
940560659042087252
391086542148101965
1798310959465484267
688316588977711724
202467127096879005
1756535929172410348
446215471
1382798293783685020
581970071
1991525459937967707
1755625246665166948
681115597145178532
623645319395334764
585998359441373845
688435845821958084
1798694963950603907
433442775931685204
875254014148944252
683613076248277692
362041698090074652
2054330349286780867
488556911529746732
46623049
1545262329222278827
146088861
1689843778596262308
2139049552516067868
76209165
1833633949181163660
173489589
690535856701978324
649547513395635845
1948200324715593588
585512626244511725
1305848873050511339
1240266628516177859
458714604380595805
1989287352815833387
2076054717783441428
810157816118238852
137457184027756565
243629384948025204
178445527079532564
711698536881710965
305841497646025324
1957633211621263540
534129170
1895954756723107620
1817661932306874268
2075788246221160348
1670107642815418187
264425567279171365
2010342875781828188
1495365734394910739
522470813
108665136
3618547
226455897
13140772
31291842
86742058
69132349
241272962260097564
58832113
2054732367864905747
457127939
444141913
490547373308178452
462200785
124025209
2052075442933812867
149314631
692748427422623724
373536026196363444
306011571872077684
2206015300924060028
1239466280424049139
922158482652703259
648435008831679245
920149338420500459
567158907
808389090733985972
557969346
244317683
712760553520400645
143730647
921732327973590579
1304999753625754339
221300756
75162783
1511208960122275980
530732101
195911000
355096266
510576308
179764414
2051621355288097307
535403216
198485192778287765
82541743
105798169
315603294
2012695868270091988
178071567605295684
1576673010572728540
211809243
1820183299902620428
1240592949084805299
97974870
1832737010613995500
626371605630142084
561644311
1576680246056970820
285889093
690542126345509244
1509520111621724700
562070675604260804
146803224
254079495
204651755
198325391
162280316
279788098
279766744
79017594
136340030192052765
1638156414851144100
1832607609818491220
360912591132844572
1450059112763607140
1608082255955324947
559659329
1637798811724133940
555651961633083412
747830558149476532
1639238063187917220
1175807216833075659
1447056430950696620
567572759
2117286745547686387
1691414910830686868
1753800031342748388
1704713709656013300
752841667605592524
1820438280015331188
1178044796505774699
2054585857702370867
747866125383872052
920914940631439699
1860635819851275867
1894810991910001020
134394145
181911515
1542248155429777947
1367682018441082739
550739049
330623640554769125
81103519
150316937
160776938
809193162174635852
2269765400271494988
1606543013111493307
1767746374821795380
1832479808254310580
585083864697534125
434454807098619884
810635754923589252
1540927512373813867
522288553385540285
1573789110016154020
938571883974603292
648431755257698285
2143089378626552588
1367216345870879419
874641356484309132
303850168659380364
499893869870741844
942607593464799332
1756053992031101428
682639117888417452
1769158443630049060
144979033
170121098
328965751
1540093059890025227
712807240186292805
456301634019437245
275865419
2268495924670660788
202022635802363845
76550461
119428827
1760534668584378828
1961512809623419140
937580521181191812
199986174792894565
2055790850918965987
242071889546390044
683825885156544372
1433551721559623419
1670438619537973107
712843103312512565
142071658
650629398028580525
1176770326123448979
379423405
227452641
508625820
1513918186074655100
1432004371535124059
1928718385358717307
683136306153951732
131202618
623515491453978564
495772339882953484
1701790453663938740
84199710
100212591
586943978
182160786255940124
1771409898387609740
1673877788990967547
685028177803784932
123032225
202323691485251125
1929419850428633027
1959682131725834420
626327571281332444
1115787543180073379
365469534785237132
2138542610612256988
2011655024965664668
810492350876229332
520261623632124525
434887064596977364
359492441
622020726324682452
1887022194765549308
2074361744658280028
389928763624782605
1240945905026509419
450231239
574896861
124627500
221012817
1385184555400160980
1049736567692196139
1431475328184391739
2140155507032486068
1702198661600204700
393090974808295125
1303582037050091939
1447553900737853300
510576819
1049117131546265139
683018945637159332
1670085876316172187
130982531
136201834660993725
754737014687811724
1927429259728171107
579217941
1240603540397578499
873739158490304372
40037377
24870583
393695670465706205
1305345284261775579
1882503296501239548
39488764
1991824939442700027
1958354998338221660
303774224903747204
174959029
752131422280730164
316809007
1668076516368314387
185373877
558088058
178070443106473764
629846632399468484
1893689868850739420
216697982
431778005
159838459
329612936898996245
457406082700191765
576642942
1178609366863799979
986727239131616859
165125617
624816767913498604
285035240
525891540
938957199622827572
314207224
57607207
286519556
1435375396795013299
1370850800907623019
139851109732952405
429674033459187892
1511662888255149860
647441322962438325
2203247037866652228
621288738972803332
332982027386538685
573191450
584304798702843965
1798559206451068867
102026900
158567143
1691833502622752668
448527105
499660029446847164
466536167
496492001163228804
1799723492207443747
457625795284792965
374105056249657124
1758649268353588988
985679201787587259
430204716
1048447369501583819
1432872270786713779
984436503871907499
1383754326707271540
2054269980425822587
1833640981188659620
149582852
1707491748567234740
743927268694659292
284600366
1177986036639323739
1368227843590154619
1865345386850767427
435109848
625012798636714364
458971815022659685
481874710
481877851
1734994224032146027
411385200
561802815
2205386927909244908
2055027796349984467
236021645
534112014
210026514
243045462799243364
161836368
210448947
535690394
1829581448611317900
421418311
201147356470401365
681851793699132052
2266374025391321228
1832378928267212380
520167925334411645
431462250994366044
400735467
559645314262760004
1859759052747542387
294977551
1510067355192740580
412692399
284037953
563852485
2267547627321254468
2053391347537338067
1756306356100661108
134702091786738405
2140204474762518148
2116903741572866787
3452551
688705501018036004
535357767
309662741
26395507
1897685182311823980
319778477
626223422448810244
202430298260896245
2074181567314710388
496615289755121284
291551212
217223461
448249874
1927477870482915707
545278602
1756654195107463468
97910876
567851096
1947127513501974108
369822937
1818327762204050028
1540878823299063827
1237910499340626099
38509863
166678292
202597642796796445
552923871
6378222
1367125341038643019
290277784
1431503318485145419
1863865551996407467
99616424
228509527
551063205
1241725321448724059
506647785
1949408342904988108
123189896
755656237550782884
1385740135486085740
458616685111117725
941508874672873452
180632530640636084
262626343426177645
427205733276127332
459922912155367965
2053678454639055147
371414602150447204
1990823854183805347
498520143657006964
434241259904334244
140847929202182045
580680158
920571489157805739
239841365060470564
391786290162939965
249967514
479892333
1797991038894808867
1176593507512780779
393102647423331085
1926621629386334147
1579726011350477020
757052510110234964
1434003575223859419
940030325300355212
2118163273604887147
1609343109103034467
181162803099716364
1801448555281993627
2202929755235586628
1386652959407544020
938974796575280812
1754397032629690028
1991712112898265267
540936146
25754683
219313960
413507944
1604188202642178027
1238131095160739619
1112722070117284579
1239263634153073179
1431474191382333019
439992795
2138941622230621988
373160474606700164
751735557821056964
556046529266327332
712901168819103845
985546902023546979
1669364216003166107
461836246
433699121
1244832726311536259
651192879234628325
1821758035136565708
1768182127752960460
1240312916551628339
229602165
1987667661412425747
445536279
309734378
616571467707625132
84096366
2203838972151165028
621348628289830452
2121899103144685187
1991514865649716787
138773003981666365
225526547
408449873
687844189437609604
97341704
419250097
938424021793554052
554327522346483332
1926093497211936507
1047246045386700539
426444815921816212
1864283240554795427
1111951493781699059
2119622600528171187
371380021209728684
573381296
745634664524480652
304690227178256524
1496121080950180139
682162916867489532
191960038
427509907635515932
425536302329004492
306144219219114684
536209931
236297140
520845598
20255887
329921855542647445
18822201
23841456
242114203
179982447
63324303
455737163
120067796
455411608
2137650260070329908
1603975244959572547
131749502
131750982
132323257
235951910
19784114
223194009
313564527
1447958645493484260
712401127468059325
487915623810261292
370219112082888924
443216909
1640702826138634900
940551297561956612
376195795
310881840
341979705
4199686
82491659
214146863
93603859
79618
239928364
488741958162665692
519219129365326085
164723825
2205712172548784468
86978451
1797735891007398027
617997001137181332
808272512490463452
554258523
241793724153760364
134907939136744205
436307900
560222060
371598331177866884
1768937952045988180
620029842496950332
553142498344128172
455133884
538936949
1511317757510830660
1574172908183725740
27472147
518909975218673365
176102674690341044
185867702
1705074101513389660
1575131230671145380
561366737
73861876
1385188482410855140
1238029608509101779
432261498782971804
1542775250327565067
1958175431732316580
1366853976264673619
690300859623921524
1384555321567570500
571475119
1991784838903103667
712829305658354085
422889318
1302929410073139179
872642824719982572
56420229
689110911354046084
1948590641469698468
199789446
2013148144468595388
345266896
1113858087407176139
435651310942746164
1575604511899555620
1949954059578502948
283261149
1948707326251552828
134829359
143431838
198382032352712925
1576410086507325380
243285928297621644
427787176957428212
285488094
1802021157331509147
262988464746932165
523777095394064405
687578982302787924
437234375
1577374632699034260
1369970469395076859
625762043802118924
499335890944293044
2140002157191671428
647598936665585685
1496113012716554459
63543910
238601883
390856834569385685
254655573
210528375
527964127
321885905
186902519
147700575
305235061894335084
455238565010806485
171874985
336864401
1945986687346066068
371008026353035484
457146289044650525
1112712841700465339
459770480
564577780
1432198641880873539
1048887201718774419
1948118437750858348
520983780032948045
1512014730726082660
875934755489349972
1433811698795244259
1577413072120739460
427757520
1767746805294520780
178753361999366204
161163788
521169154810518085
234999258
392013342778681205
191420071
455137144
162013507
618193118607020532
1731694557785878507
110343489
2270145628310438228
571387955
648948099641800405
2117794201263444227
428114712161862252
650364302726171205
2014003317410623308
496756782846101364
579771193
409006401
2119995340032053867
1177037025684059859
271347708
1830189116508682860
1512545245852764180
2205528246497415188
2268173438481809388
1958684928329369380
303582351814150924
1383487608130427340
2201858136827731908
264001383568492525
1819447631342563788
1540050943412133707
918330575031326739
2268742414432268988
1885460092853403708
136058884
436021086
572075057
244627247
211580964
623426141458827644
586130986270439765
1734372970516308267
212784718
199838495
53434616
1894138224667699100
555418939
1770751705299568780
2074537276224790468
1305520301475030659
1447270775610133260
1539623343936257867
424258512060732172
567834993
1988584966280122627
134756137360718005
1894278149746985260
581008551
158618045
582559099917216005
646390201326966805
386200600
368803128038876724
1177411504292300859
809113526370783252
393964108356859645
616953385193746172
38159130
871988920235548772
550296488
647076435286758965
1496110282604779979
1693094123655856108
141324886
371324886469782284
682465413504970972
31013199
31580828
451016917
874445826471617292
1799192397414391987
239444586557036644
2137702275121062228
428248363193188732
391323049
317327083
339809369
1690310289221746468
1433375804011489099
1604163651715391627
1238397316768552779
1766364667671583140
1540131906306777867
454971562241952325
585453073
389126724
128179774
1302092389986396579
83666381
753623108840290484
563482011792636444
1498256778996931099
238954258
244967674
239169109
238881669
262129865
1605540962869464747
498130070
444395861
1865475793591984187
1898583523153275180
1306757648266352419
683614230706716452
544443140
34582751
1702114829640898900
1690413872502099988
458088166
1881824749403578628
1798853422811475667
1819948723384372948
440309345
1833829097391012180
1896433474608712020
215470115
39502777
1770431505018378300
1051544158822021379
308495054132824684
1241716461748500339
1451098780319283860
464804079
938830151739174932
58745889
568087564
582899471915321285
171247702
585802665654974165
1046641700353608019
750399822667825772
1574175563144304700
335811965
492206379340112532
745396441859161772
1643203093338675220
458691439334876885
1769598070972794700
618784497269359092
200155555121772605
744958141442629892
1668950828355903707
564050661
1925191054553161707
1640637728468428380
499667079
431570280
1929020568950714627
213741318
1885446961244152228
1673649113840877787
489199544622415812
525126372
680074126302626252
390122538
87686312
1958154472622069580
2137747193197354868
11854132
2073986709571698468
1493982988400445099
414568028
646766008846362965
1765657213934274220
521507566966176445
2012438627296022628
582822229
2202469148220059388
177658208394410564
583032977822091965
1769979083544606340
917852169320949819
390837050663245725
351891077
421077420
572035503
324038234
1497955578001950259
2053061902483182147
460000431
522611680414911245
328272067837323165
1769792145876224380
565442639736347244
1929746714203148507
1899221169357055620
539807679
447501370
1887077323538792348
570212398
439546905
268430782
2140000409929126308
1923901488242843267
1448199866438830380
493240409630524012
1757308056880550388
331515888
379953368
1641116507688478420
19162248
1957962931750512420
1539746862952399547
1302710489073818339
680248438339653212
22541207
1860768099237367827
1988231058437500707
2265748616390709668
1863436484182909387
982335368275794299
361033594782297772
136090441849227605
504850327
587461795
360031403500429412
263977233768270205
626178459388053044
340856748
1109894686494566699
432535037436340564
73983115
73983738
228478623
76461336
1734075275517452747
651107022466341485
1450234879280035620
348140351
488185361997197012
1690555944657379948
1445898294944470980
1433670508831037099
393964172319299405
680162242253505292
1367481722673387459
260097507
142733984
713532196403390365
1987975618539737547
554184121572810812
1862492861200478387
872299861766111692
1923031590505505307
431250501
690262087536482484
918386707522324859
242383035757390244
1881793933259481308
1961506164970588460
1669680798138707947
119091415
573722847
518614122
369783100095002604
586359113
295764958
554134038
2055241209549181267
874411203771277492
1608572196262761227
688201971940563004
1238012892270786819
1641792778801510300
1671881332109160547
690134492955081364
649339867875948285
1692866703135653628
1946401595530006188
1242159932111636499
1925268897340448667
1512822745950136620
447649572
811552976048033692
1731758493762756227
1691613182713663748
1577035209448888740
564889999257913644
713146562608789765
242035600981223084
440615552
1046083552844872179
1767360554232453460
134266787
746291237679010572
432272466028447884
2265094336391159508
1304135250984212139
1512408727035709980
264827600243575165
649622199202187725
616853791721521492
1496733564964669019
1769261090178406980
1672426195644223307
306136989190456964
172669972
1115711291859692059
2202450325680017868
557702102
2139483358162608028
1951171233284866468
131532152
685424646937567892
95155665
1511323225216645740
1448860480153180540
1960120011170661980
2141477141191692628
175434687795738764
1886769276708364948
2206759032900108468
2139979375666700348
1947905585766289588
647961935042852525
136378911197825645
1432172586350500459
433666369033836724
714550876416375245
1046777010659318459
439832470
2076342146240914028
1382080653326572060
1705674746483804580
500711858407778964
1671763620216598387
239671080489622004
363575967154410252
1304977760966973179
1959113587926620500
1542252240214417107
562647902567061404
1494716579331328219
1769380516654315460
241477148091173084
1756944666745642908
2055903201325457627
2012119554115206748
220675702
433429959070643924
710632926533187125
1541702050999718187
1820916804126650108
244093385365776444
2139344288542548588
2268118244401204828
1924679026502667867
1703774910678702540
1512436355618458100
2051647852633693907
1733352142120071027
2268670902718435228
1368181755760527859
1383907792817018420
538073505
584309943727172365
1897656433016309980
1176518227382057659
184416851
145310010
263750466094045125
140310306
488658302942011652
1046853255525324899
2142928453787968108
618513232911470772
571640108
1432199025659464179
433468365994337924
427947464801145252
163625521
571878853
1695831356580549028
1241638445853030059
74484005
132637299
95094406
144517285
144724497
50569056
809624969353121972
1958208351119063100
812150701793267732
180526824369425164
585364287378233565
746509069856879052
1767594851763518060
1831242621628263180
137829532918442605
328826546374519205
1897633449816975820
1577474777910098700
1691032907155898308
875917574980289172
576502055
168218319
2011837838019841988
1830453023358945740
240146268051483124
564430540
938443862820422292
648739156495529565
1671630312753308307
875712061190663932
243278561866061724
371457030759922124
2117329390334927347
941341589009170332
437706485984774244
748495338607644332
1640674187479952060
1731722838856225147
1243718701618719339
140386564234943125
1866003320790459067
268495146177235485
1924391731914456747
1381915525503272820
1242367310170163899
552152330842018292
425669729320047172
146185810
488916956591378812
226275919
212635070
126343790
983000868992236099
2116960151471689667
587130195
576778569
2266656487587258748
690899336162617844
1305026475696302579
624268010149914164
356246144
1945579954999984868
570366824
156671334
1494280809437419619
574492621
682726423341125852
1832904391442647500
435559081173632604
1768742020322682860
2204567806502739868
163768870
433026235440932964
330466557348112765
1369253685607310899
1703329715463854700
561671242031355564
259910199
1305032815815383019
434818874489431804
567920290
175812351456691804
456920685304633925
2267680291549462108
1238420796002908539
586670655605827525
693028279425603964
331228568314763125
1643464049666897940
393530562618620085
138265537948412605
2074349735341764388
1884375294246617868
1733134679262629707
161857885
43469996
578858943
239990530464692644
453393906
118482070
1605328574415925187
425439970343350052
1669074914989068787
937019996884570692
1369555286230579099
1797325867273126107
565379896588109524
1695637408448401268
623542478904859404
489066495149126292
313410894
1957759444842998020
176616584858875764
1756533195698373268
590550527
2138846162811670468
689599734356302004
353426678
1637879098835426060
286603100
1796923664883253507
1511610980329604700
813663798241206092
812797102878727852
1178390456243497019
332890691
1176664237418669819
1576170581781493700
1703585902608804460
690321984043894924
294251428
562284184801532324
2203012028146720668
626996928208205724
1499037035429734459
1989254969053749187
1542365034490729187
1048054582693509179
1510156814183147900
984472185579161779
51909100
584165676442569445
1640534534531798980
425438887598395252
1692299172808389348
1884187435725385268
1543445634808065707
435095494
1575761411447470380
813147973949694132
1542607894440030387
1923916187498139267
2271132417258631228
1495265959188223619
1179358378976614059
2142534435025317468
1370043982443530539
651838078224165165
376931503
1543128797355388947
2267916393146728388
217266458
1707377625189836380
309612340766972204
429327743798669532
683766419843100732
365148762336673372
1576991422304574100
1947864490502361428
396852582752651285
620413265265303812
1964248021388154580
2014855407104237708
691711313757845204
1385472949633669820
1766897120114104100
1541143357838103227
1496401684542351779
1671646852782440907
369878782617934204
1541367421886476067
177191092448221244
2077806573586116468
618735449920561572
1691279380045426388
425255151398900092
1756586267531358548
682758611069836972
241201905939135004
2075136936524771308
138794803632523965
681569554058555052
716582726529091685
553945383263732212
498186863261374004
1959654313793566900
436488406756255444
746828397575033412
1049616320336475699
304751370004507044
1885681469674037068
306590505111210564
458444511
1240114550945105699
1239207226819615179
264492693887310285
432764207
435016647787198684
300206766
168444351
453484530
1445007389823580820
2051917963320250547
488908239781773052
1860751062670430347
1731658545721111187
332978128968444165
618185056426708532
1831360448526572300
811579107760955012
1048153282208941979
1539932224240836267
587301926822569845
180080273
241994898063959884
1925904016563458307
137961085170059285
1541966769131265747
1692033127486721908
1702224330959390500
1734935846096662107
1173909581202626499
537517029
134679949878667285
513328678
178088490866530804
1884519819355865468
1885566372504240468
1382046180302427980
1820592122219901188
1049479552300902139
2138926030204837948
2075538424563273708
1703547705036686940
1769205678681917580
681493285041651492
589683615
583399893812271405
1882388545227542268
92934649
339404795
392619772661028885
353225117
297228135
379685015
559576061574437204
2073615692057674228
449787416
2201748158264393468
552994215
590789931
106748086
1760531857083200228
1994004507989987267
180731611276068924
1451851708048189060
1929490961203621907
647833997455018365
937148914874458812
1886136441531916348
1435017955529819699
754806284362430044
1801115756011061907
628223228224702964
1047975063222364339
1959350071238318580
489863136
275389626
1894208411518781940
260152515
169721184
937235247612096092
535488787
275863889
395724402648480205
2270845728565465068
1898876626798500380
244813618325510284
240621928182360604
289147986
873629082195341852
134416764941830525
1046012292632749859
2116369599633993587
1691200763536478668
1927840482574758147
260657856
1860524100683767707
1435260902354053179
2121631085856370347
1178346038941255379
1989813521856545387
939531947484680652
1732090825763135187
1671699029415579467
1960045414472427220
305879835511670404
125300882
125925912
1883781518849589988
2074180446341685628
94948431
576863462
228505866
680142824979771932
569313276
135390125
586321957
308813505
43513920
125425284
1431388797373655059
489685574763364052
1511925442666937060
457146557940639765
519889139
940344971958628132
43513669
1926182976336294427
240591169038117324
690306786961066484
874964953907187412
1737350888262811747
588924816
685082900442017612
1307995980381215099
1897664229386557740
1513308176238315780
1544769485416603867
458844105898461645
2119124912479039387
1451277310907382100
810032566225068812
458088027592996765
306966586060539844
872431023843233692
714806423111010245
918170248222054419
936806348454674292
489390151860867732
1540973088696537507
93701268
744560458313285892
1446387272219534980
279619754
330019224118114365
2011264717987197268
584778577797863605
451411518
492388935
366406961073672132
262847299896654565
2010784222711389748
1435910340048968219
1639115977572976260
330377298762287725
1881899502417277028
1799256786538978867
319549753
986574767802930779
1897351881255147780
584347536115104405
458602905626527965
101168323
326829272362133925
753483592036133564
562236842721756724
567169205
546145015
617524796057035412
1542097665365967027
1541809717737730067
141766690
938446598573494292
1433614391086151659
138531309157504765
756656114070390484
1308369936649123859
1802595178245296387
2122531229739675747
1802273502945088267
521482705980606165
154672197
874774857111847492
323940384
537006532
269675421
75331771
330269376198006365
469196094
425525836677988252
1960097870854338380
571778226
306199889515075684
533792086
2057733245550973187
1772056166517381340
716915166087277045
437635370785962444
616818016216625372
1860593633297912507
582053664
489514816296722172
1240511626767493499
2012164173953814908
1988357768117485187
2118577018711728507
810334745279312652
392625022598457125
1447111396306565140
2076614125886701828
8331133
160224919
985008150059919459
520685488
1387535988005918700
367578081955416084
2052734896012075707
500220169064577404
263939786663676445
1301880629985023779
810327953266962612
1514511871042201820
1667808606519717947
1862865459679264507
1692431576181075788
1830491665376818980
1544061516466823827
439667373
1893942413703444900
1388506799343544180
2141023089424191148
1576942086468167260
1926832257484423427
1927200909389222547
1864655618717974707
1758637448362221708
523521482480175365
1243444130936637739
362358582511911532
1987763094494589467
156885877
383125294
87503841
120761722
139164830
581824372
415123484
618169167624180212
112230553
1883774134931140988
937373846424400372
1606869186381610987
522189855
2269498317269148068
982002564188416619
1382104502906869860
331485010336856125
620260265174187612
689239350432201444
713866554893912085
458445228
626378697150880044
2119405917549313667
985915035955373859
1947189757600740108
936946899085319812
586809400
242267327188096724
586355354242852605
365443177645555932
1514773834052413020
1434835261318400739
61794887
463708361
173810059
581864986
1989246995954168387
177611249378535964
278743114
170746348
557709339
555414566746509292
507554065
577669859
1369362723398072499
1048767791305778739
24692376
880441
2077874601929985628
437753208217995324
308677463
81643044
325222022
426086031
116332551
291543025
241947832
115752087
280249152
307085063
561791132965464244
198116560
745240226686041932
1384607598691911580
1769428645807545060
1303490743265945339
1303574098642933579
1176833627615672699
1369548667172034899
2117232504463290507
1897745797436426220
1736068561065198107
1821698890158215948
1178390757569853539
1606566774426882467
1769949915880867940
618041029364621212
140777955
146347528
102254352
53311139
2265749874005864548
93505889
207209428
985865168414484299
684086488543813212
714381624199809405
1861396939744698947
330122968602794485
1990363140859241107
242198699181737724
1668943901920412307
553912455447867652
358178453
2057356058171097787
2121654276583661187
757318214256359564
435341874916686364
624352549054879444
1754600297623749388
187366378
312045159
1834529630491903940
1498820634381281739
584866166858102565
72631794
34784205
268252670824023965
1178517129626511539
204644053218535165
586650615103474005
2203441020163514828
397900868
692711242132117724
15066423
15066854
394028625916484205
1860028940827619867
1949581092450316388
1800040437114769947
1642017870889891620
620301996053123612
1949976476827148268
1178259929124977339
261929300029732605
519774563430139805
625147230560200244
1835987778383862020
1575909116105041620
2270820623213006668
361397797612900492
1928011626285498907
1862371277035060787
812160567789617412
1112862443313797059
1641788901353748060
873625283435754252
456709317926754765
1884908841473405428
1830923459813611460
521675743767149245
684972261281902332
244152637256853724
1758328366045462228
431068036
477004897
473510133
2266655784379711468
2140566491241811708
2015060471722466908
1515333600563414820
1450796619703143100
1494771592279644619
456389379492686485
937554452888892132
579599747
1431948420041881419
368072762622101244
1543844214324380027
942012149159514052
1644563198553651140
2058591390293516307
1674343802341858987
758095702934718804
1824279649136243308
942404565465854412
1178774447507281539
290586131
1962164162373764740
279043467
1448599722707815100
1796581440685989587
582589211
362856526
307716200171526524
1930015116937884107
373967771695171484
1866398170288427547
1674343738141360587
2016333825002570388
310231857214121644
1992081008272068307
490886517472059692
1499101228238490019
437013126127499604
2268251731188974348
238396371
265026010659764805
327693701309794005
84120596
1736344275872801507
1770783029850736260
1642991584568433220
752865430725659164
616668627606453932
580737625
2076492406337281988
180888278624713324
941330842219835012
1690872600660656868
1864898091416588147
1450935376578815900
1896881099722475700
2117245020799131907
394836050729335165
114503595
1576980928434431620
426893136910529092
89625599
125196500
199985481
534395061
504939437
177724000
385621490
646960615920850605
1514175530195548020
1822242382375744148
2011389603639738908
1824107849291358788
557724356963848132
310377172292040364
813981859849142092
1514112294609110780
936109337801122332
577482234
589063572
748519025110536612
1758662721505067028
400862711
1575698486078064340
1733721501632954107
2271183099471270468
405897751
1797972123192045387
1735845958037680507
1926943252573524267
2204560290871963988
330428808715905525
369677469396978244
1990502654308938387
2268439427889123628
200211345050527765
1820566245363847228
552193345407639612
529676761
1667796117306830587
568129890
1542456822893661947
1831301922035005180
570692681
1542654969052643747
1542449939500248627
1306271744722605739
555198598116340412
1050898081061079299
436616117132294604
217111555
117882044
744439696202166972
331282949
984650406794414539
2137910765848937148
416114730
305453136678651964
1820866912279748788
185791001
1383269947958139180
360972552545677292
1797733833010064947
2077742380235993268
487543322
1690658763823054708
1515894599323249020
177727875712497764
1302914142109644819
1494039050352650739
1945922583998967468
453218896
233087588
278403950
242576455
252224719
238011390
512855571
290134093
204778594383202925
1639560045377608140
1899779550222755980
1605302674138983987
2118989155836305867
575054158
876121560122499692
1924792626493964507
200455907147352085
219494080
1542034034029887507
559067359
18962508
488459582360153812
163189817
1434260965702154939
2267708538885214268
1446086886609644300
688728609693907244
1706172333503191540
586729234
309376570631399764
2053472835020894867
1800123705865372347
1113357983219169139
1513365175518341340
2202674183568888228
714364956649540205
1950696606838120548
1994342773354303667
1993336981000818827
1579249610217317980
1387662979783485660
814535882047434852
1546219900568035507
432714389230106684
1495973503473653939
1754912350719582628
1823180368153325468
393006958535932045
683703487840346652
1432421281262295739
648784627963398285
747107221881946412
1112516533351946419
59775793
1771610451417548700
553805020662629012
1861138017157562227
244037007848577524
1368401851266345699
747597410684691052
1823962726049886148
2271622009272640028
2058271958411952547
1116825934305106379
1818623508296163668
273713272
444588135
84557305
150291298
240078677
33725957
746639436514578332
1988179910649356907
2265762182094102668
230401054
1513751571238840060
680400184412742372
262984246662417165
150327574
449763358
173478892
406457285
243308914608113964
1447483912380037340
2010649358491393748
520378589642430565
117107234
1924898585278578787
628302135193831044
246531383
270282274
921260967030610699
305578402
569545415
198888534605543965
2265773059653112428
137347054831950005
569100735
1818178294544110348
1603947709318688667
1897203511828429380
328349962
580336078
135385014441211525
1671002356147847707
170512496
2011354640093052908
1606091214920695987
1573928725097298380
502769298
683665538191367852
589948172
1304762639634605979
491906766933512652
338295472
435032450871486364
1882342935351062828
1513622641771100580
571109425
1767171316315925060
2052103579150737787
812250411484291412
1048579955781478219
1239804250761553619
1926337199037083747
369293704530623044
498624161735133564
499254111244274164
1822463239321326268
712620791944137485
682456390910452252
28318266
162143899
809529136972890692
518906346329544965
242408077844445964
1949624482772554508
1963225676803717460
1962082658916607820
1642669361948088580
1962110900480379340
428065171464650772
2139641736589016868
874076844425859812
1606802201209868787
307713670573533324
584941855069558765
586500555636496125
500564026409928964
2120074670490186387
2266466869869866708
135233009
1706300655284787660
1705790916727941500
494301403364155132
750482612206763932
1576479686045275820
616511428485742132
2120421689559974227
2118675248396587787
1369582817689404979
458089045937342405
590969490
207211822
368457536508279164
936786474481406732
690297675189869324
71842310
359174022
196478187
193107666
292624823
185528148
180680231
270410355
100706910
1239263570277796179
112132324
56511314
1513505719258306580
1051461435838618019
626733271179496204
2116122567325053347
390313974
1047610756068484819
983220579602257699
1989745248758018467
394349351
498153070124427404
165187885
562823743
2078580412116758268
1800656584452477187
1513088472292219580
555314023
1446079945809541380
330598752551512645
1448475331951728420
2052299429005508467
2053239279048327947
266727664176769045
521988809699048085
691374202797164324
316802131
504875964
488067769491403252
1765809035855636580
873265807239053652
489637646296297852
175694032
306713704037116244
522763517646506525
1798632222369988667
521330367043364605
712691192875915965
1239983820342937139
263717239684737205
1859655226950401747
1495796688957798459
872044277496573492
1957987597604649740
746658255762665572
2267994264485408388
683895326553301452
620468710185070372
1241400363475752659
814083023416328692
1670000558061108787
1885428462971588748
715599468493892365
1737657551702437787
1499946551749703539
440809639
110069737
1381807549567253020
1734038553823776667
406075370
1543640317949555427
2077767306467504108
1638921503628134580
1511696462669874900
459437732117572325
2204510421081100028
1690150010264506028
449514839
300904036
438372579
449790068
475257587
259692055
576091215
590161873
479893206
332065560
56800324
1894010911863163100
754845585565313484
1991056895248805747
1895815005292268020
1449301800503694980
2116216923046678267
1669250112769793587
2054147928320401347
300180607
1306832964119377459
12826396
513501887
222420508
48655251
232490342
1888273382547775348
1734571592811245187
1833984224034396380
330726755089127525
938060497651228492
519813854
2143633258075210068
148281855
353959179
1885565392596635988
1819896774389260028
489033148628304412
1703896616005171900
1111235645535692739
1796074096840654467
680344464267027172
2074930287620538308
1045763460727019139
2138431636304294268
1431492260091013739
331759520391727845
394409733233056365
1431715336321956139
1693055596712215148
680492201711583012
428267597215527492
305971039396522084
809330557160722772
2121424436728496347
1243151529057760859
1575048047305062460
1991616347454844667
307535036510828284
1497881497468119339
427915703821812292
811430640619856012
1542781521493761947
1385160147072542660
460261760796187045
1241529924985026859
1759812028168409828
1960631510577346860
1430596594322421419
364158774547197812
1930025668746232547
1735926562844623507
465435927
92882489
28813995
40694179
559168521
242075950329883204
581100365
569078971
493268603
380773402
584999376587536285
1542353987720613667
432090414387328964
810606209269174732
1241686863026022099
361261400757502732
239710476637906724
1668716257916408507
590758927
133907627
1670400776795558667
457160072702122205
439919347
263193912658274245
1237911138819614979
497490499098835444
202393615509161885
938231520192929572
455516081
455515927
437164679
1302364058129500179
471039641
554821891912179732
558303370
584090955
557124467
2010625309758845148
399790677
265982070003922645
1885173403741442788
2011794805666480668
393621405721504245
1177911949116529019
1448004199226644020
409843025
1510227982623795340
65682114
500554196
123255313
168781073
244405093
10857499
493730068380762692
1179079179536987859
1051771942989567619
1991074588163575947
1638657886588630620
1642976725180774100
1369957127860767059
715886468062173165
572252145
1435549610261432099
1899410188466924140
1386827182563584420
1895781387434199780
1990439729247244987
587070752
71308893
184130104
307728979
199262054
559516300724066924
71850937
434821357
1114577700358994139
3352294
495740935446001844
582592624069905085
1494568467763415139
468902362
521339351981492645
1240914876611799699
1433258131367680099
454550103851219605
2011199891337146628
1180200615453727339
433731985045612804
1771046697506007540
393768998
347896477
135259766
2053273217599664827
494228307187740812
1641258259194214020
683177767616356932
920529492951746939
1927792578572157507
1990560257602183267
582904405942134605
1830280029418301700
1669306291661181627
480987381
588781206953191445
2079569441772699348
1993958309453877987
429686667607744972
1703791804827167300
814146896646111452
395879869026227805
1176492401726699499
561679021600527964
1498973354946488579
2270409961287958548
2010986771182420588
1993875708786229707
561406370331346924
2014831621065494628
124297609
1640042955434773220
590907726
753195212528380644
623740347813566004
525772978
1238931039842989659
343367958
1511889030690887260
1799519369044819827
1795892242012253987
174169052
435075272236468684
564012017
586600008863853005
489381807065444172
649686459466267245
2055801117141926627
1450064664408790740
256668220
1367891397451991819
1863783854282621147
470348013
1924880972636499987
423145500
426155732966489972
2117232568146096147
919478187383408179
649757108515702805
1542137350768877467
1238037843029759659
1366208795272776259
138187662
294147778
75133
2015342587930963628
1644324349299496820
1696346563391889428
1674423756119399987
1238104715011144259
202521810002315165
1757814075674329108
1704868760449156900
212603966
541025728
9052085
328808259145078565
1861290920225271467
393600442569980365
1575418978195588980
2202593241285091468
693595974567983204
2270726534656524268
202008856026937845
1639888605873407780
269435953
363766526865763972
170068057
751371378972001924
1990399637211107587
618917472251195692
1110259687104379499
264756555666438805
265573226758662805
554694008
111843149
2120070339439854227
1513663796440545740
1049905919001999059
1449726891409745900
2117717890069352907
1894750207002921380
1494957008106404339
367715486024996724
2077486888474288388
95856501
590517688
1174518174183454659
190271476
584280729072073005
1305352131625072499
1670318557095374587
521214583247468805
520225546115549485
189886640
1577493282769540940
1734323717166911187
586387487
1707766623057520420
1950888218859532108
244967654829349564
176511829398513684
2010752764809248708
263075368258935285
1732367792500707107
370827614480697524
1819201087958254348
755712823015368284
1512287502705592100
1498220901675448019
2012975553928122108
491651497852423732
453057556
1819329633036833468
168547900
1830132268973905620
1574266391609988900
1510005502146140220
647022709956471085
1431319244671785699
1641527747886213340
1820694436702179388
1178112941475768859
1384211398758881700
1513557453665106140
1240213075775212099
1432878372718480099
363019561995108772
1366815457786787979
577999177
498176071240628284
119249574
186786990
330121137249553045
503877499
361096135
1110914942385122059
491906766998535932
1113278110641347059
2056488274197311387
305711754
165493890
1960771738456586740
447726662
457231
399702645
303699920255310084
746950940262798012
490692108730376092
1671841572895059547
2013304771348819508
1821822164220797348
1176792366311167819
1176953402203371099
221347038
112385172
681581040385749292
1669134120074149667
310094862
126529045
2137544431208870508
521531799917738765
1110928401998489179
568795369
1447313003876854180
267465321518741085
469737867
311707313
1240370370215967379
1960608882134231180
498207734548506804
1772003488135097100
1860745112392164107
157284814
495832621460916044
590619625
2075648870583718628
436384733
1987028176877580427
813977615652155492
757478618218870724
1177883411741194059
2267908866204724908
499552754828949364
683994515024514892
629021129607767844
2016150686894174988
244488828943714924
577181093
456816902090594805
1668050737282367547
552341885124124532
751653396982627044
518736152704087805
1992293542366199747
1544108642024951627
1822319019030335908
457551365
1989146545869857067
2117827239142166907
2077510271825851108
1431872617137633019
1691609637175984268
618406824498942452
1755613125415231468
1834727278053898500
180407290251023924
877334922627121012
46312116
2139123916828233588
261742890
99149365
148483542
291183459
751798597031163724
237491206
247592417
235896743
1893983747613911060
1173852362515691819
198855074810230685
244960800
305324799694875244
15028364
183789043
1432545864607672899
1238018194590095939
475591702
552291384987963492
298604225
99048338
305144287411308404
564113731
365746951
518450267915618445
91468707
647183305729603485
326642246552480325
616247006153756292
434882619189070324
753450321423776164
390314114613458885
2203514242706301628
690371228656297724
1947767912362201388
2053425244173570387
77522741
10016291
1732092040386756147
1541839152010211587
808217112296763292
1381976886342768260
158942065
1604770846467555107
202359744734583485
552076211
567036614
245632292
572523025
650208800393897645
590708846
1735406339795468227
169577356
179007156
449336144
1448075347069471020
2053277680303095427
579063294
493725338
321094696
1448004702681835740
109327774
160998242
99113654
107042085
160798575
83056858
561950927
116950716
1498259306198416099
520014268575668405
535539801
1368424129601341339
301041215
680312210414334172
243003608422693244
1175847139609323219
620319827692409212
1991223340822785987
329748239203374645
1734797455592070987
986285835870443619
499254110662334964
393821988949018245
556315023874036332
498838935
42873060
512684224
499516576192538764
1304217293941851779
646698968903174685
139416557544925725
562243650887625124
1449180038334904660
1543954705682464307
360673045364867572
2076739126524366948
1832585155858606660
1926687282882060747
984246332274349859
1947652897343152708
292391914
1894754429392333540
1990054198120869667
492316442484149972
304697898
563622386134719204
208733761
619913939654705772
561475613
542725590
518641443722963085
330552408072935645
336389960
1990607733208506667
139226190
1705052132362455500
1448022774050969420
368206163593202444
875646363689541612
920886364997990859
432757529900632564
649427344853161565
396133739071841845
1368726645785671859
1772384149509212300
747603899603648412
361465111230615132
1897581571029473740
306289271818737564
1692311556102934148
751394452338038644
134732519607302645
1176657488324577099
936199778072195372
458529341579720245
485748689
434115463
523810982020962965
625679936737162964
391769683336772085
71463443
381755469
1960150138489682340
519705695326111325
373900348453689844
586055182166165645
1703906824809317940
1691481881609084748
79624735
177729117920241444
620247348866937532
1734965100496949707
1960131328017336140
1574039330162022620
1991685484825243227
1927546410012110827
2204967001321464388
873409924291264452
1239460566092790419
873616501646713132
178185967767557844
1303485043874724499
305136270075193084
757767312695261964
692127459449288244
456572922557466845
751110416792725284
1989948069118845027
110994848
1176595322481243939
1820818711845409148
625794618038974764
63508037
571798804
425098724144340612
429364048
1991687951340413307
144677869
69340567
167314685
176930047
693070508442814164
1703387445154047660
2139639301728924028
1693191943527743988
922307432193731259
65558806
236411497
2012479875791720388
497281557547240044
359545723
1641186655403632260
1766520419520624780
70248234
70779419
573868203
986462575173130739
22655585
122166860
392024371680630565
33054297
1643645831309608900
564090076760398084
1733517664192565627
1705882649462425500
1798765087624061067
1767924663286978300
86494291
306153607
982607017293261099
497515049
97257190
52441549
558863409
32230984
519110174833157965
2055837843090976547
304467493200185564
304296282489964484
270877925
1638218638530714140
562508295001688164
197802052247578525
690682676006160924
303176584774641324
105898134
140308059
70886167
69764161
2138669517724131428
114101260
90430077
1734438226010779467
562339044980312684
1733942121289350707
2204183492795486068
988034710819665739
1608937403160281027
501779462279543524
2057555415746510827
502102265866491724
332325404664469885
1950436893272527428
924175464672778139
581778837
1691040728055984868
2075737499057328468
361369989817146932
686605890087432292
1821516379464778308
1691040855876497348
1304364158797547099
2076648057044430508
1689706723931987868
573043101
573043372
25371122
1959472656318761460
66954694
71058190
1303681756287313739
266960675270866525
627531250853280084
573230326
753289086022927924
458111620581115445
21088382
167485401
45079255
1605739376989953907
1510052826063923300
55610919
690006515405933004
2076205044050321308
988133420543907779
502306574490589964
1823466831813521788
1179098540219709259
1865887624914751067
1887388251105067628
618292304093397012
584095158570358965
1925954578481430387
1178626562841794099
433218197045786324
552287625
328037950409529965
63180912
222080452
245411897
251846063
348234862
2116897093228249187
1769138176315812220
177157246303218284
2052663240293859427
1832610798126766660
1798605352538492467
553839395708773132
1991549795446653067
1574247075149711580
556151247326789972
627390855528393364
266309025182623725
1927821185492737827
1178494267899136339
1387059459419535980
1671106525728248347
560314456513747044
330288073164048765
492018839169442092
362344159
328883267425553005
372416370990024284
308509224019257404
564957511718774564
751414914916399484
28413136
31341405
518610348362409525
680033449991216892
222950520
149228459
391647617837471965
689648539464116524
986271270293821539
1691991471550313028
351424470
290535936
365355553
175705372
456127890725096005
618243108497559652
587516780
1366086543919565179
487887382184230652
246307008
555852308
1693064516494532628
1241594182811781379
2054556134384181587
2053825125914410627
140629496552741125
2076119489024606388
1704106721876736500
1432850940370196179
1111593883397416899
982215971679897379
1733024470998130307
70631977
326529820227221205
2118742373971550747
488481274888712732
370066491
100644903
18805976
55807374
126104751
427952449622535852
540433739
1238169004657736179
1863667981877117267
136935242
582406998
1951222041940082348
626099435121014324
1515071733045463100
243521921132038204
683836750281695052
562481310470048164
329269572638459645
652586883135596405
429666255570625092
460217424143714805
1992819558825136867
923964086722426419
490699399616192132
1241975564476304059
386755020
1705733506303928180
1832559366442219300
226019587
135280991
683890867057160372
203542723
444879222
542415859
166077967
395849934570399645
136081367769769525
1606377248164241467
561987199615740364
1735217329340981107
561456831879112724
563457831912065404
2015135355699396908
1542252303896690507
1862632087788535427
1432850062935358139
1304531004611000459
2118183837952873067
563629715839945244
1448351448227972780
136950659760932525
331643464
1894848091658455220
1575876779483351340
1865307373410131547
689094669124060964
1643109274031769580
2271312693664903468
1673598697294389627
1992773372124336827
1865212371958346347
501572426818647884
492132309463150332
181173193
1304141145239070419
1732211286109176107
1606182562764587227
497456567760615364
498583767870244844
1577301374705428620
1961585838524016380
1771786281859983700
2014591673521348348
715836052094450325
1446147269727876900
2115989408708046907
243131610271197124
117162712
149293738
111908125
222921355
941795913017044852
151862295
179437435323787044
458651388061230925
1705396130875525100
1670758836041371427
189958257
1541742471140671267
1495855100600903499
265764771806255325
1608014960725106347
1771739539152927420
362787076802957492
812463983424766532
1963253005094676580
345981736
1959066391670712780
392809341192669525
2138316908423691988
2011014916489679188
1829688547915437660
1694345188313285028
1048876270957742779
1819141260563222188
1821756164046757908
2057324755315847467
1576654441127045500
810958641717337692
554726087458128612
322470688
535205320
573345870
1888466583117631148
2207499841835880828
443642032
872706336339340892
584873654315669605
1642839671420058300
629004692417829124
1886121028468850668
1048130650232289179
1512671436249589500
1960673853824399620
339783387
100463021
193384349
223497031
119172534
523541373
226646096
1705877024269445820
258638896
1925073631923314627
334370696
526409467
523516419212191965
2118554475890598547
371454187140921564
1385734002689259500
751781077836110164
140661341725845325
572873707
370063186767161924
290545733
1242481244960348459
7076254
430855139
440503116
160595738
80120191
587208104082008125
244902632982289044
942783144237371492
392424141837196005
2205677933256449628
1112915196866119499
585146387976096485
2270040251440202228
1731706176445431747
1885945584650068308
488219918029402292
305533407
1928478520133726307
1833481919001856580
372111835168180244
363026697214984212
1385288021174302900
1543844085903413027
1707211532675512060
257040024
1960699755967498420
1798551091420458867
1307444912779765499
1695081038284464548
1929208135558463547
561624838542199004
328783292015130765
370823310913092324
1962206032164915540
1608618756429938267
626431851798288844
1370353064628951299
2013629807408816628
1386051857767332380
322870115
987392917595494459
1306285736447805539
2120420793146482587
522637786571618245
1302275113629480659
558106751
647258569468299085
135521121
401125816
1576528388977428740
153442052
532238495
680197118475415772
1514396717987931740
52386394
82075890
195705521
341323239
91958717
112585960
17132289
156262121
1048268579343881939
1695876332963504108
268225860
366737691619172492
265034007308806645
205708969
61355960
74327394
325993786
2073858193104007948
38248285
174170658
757180777830324124
685338854297484852
1929911591840329787
139773569599596845
1694597759709115028
874763627405320972
526036013
1732388825646727307
1603877071374798507
239628189
250889391
177406533
1992741990089167587
202745718623831925
2012339974403268428
690987155624781804
1691881434700299988
175799018876770484
752338299789093364
1500234334134261779
1994413475267923987
1759678767034871388
2118760215660494507
369603902683961164
1703357412224050740
753443979956107924
520897899308120365
120221242
470594962
1448962009563248460
1176365954920846899
179411812663261564
1241809532024473659
586504353549830725
921681103937280019
652443765303384125
875525583362179492
308461343030565164
1831402723459000900
1050129312323430139
1925203956719915307
1883652582647533868
1511046895925257980
1308497386920458459
279442288
627575161938295564
1733835171798172067
220226722
2052286829157962467
138455274019396205
754073738546304644
1367864991452784659
620346684613087612
266525561883797485
713409854655023045
1695260749131604508
2054086847981560587
2205584169640112388
57406658
1769752622073907140
27757859
217066805
653053084137559805
872356162582843372
365982806417928852
625943891426842964
372590013434066884
432095325
589553413
1541425583680913227
420380006
200151135193708605
1669315059719139027
1607030989712581027
1578371630504090100
332563570445174325
1607740589260259507
2270788732138979188
556369364
550380090
444108056
342507732
751773079380200204
625434521935776484
1238381901533787699
2118645574061948947
458940267
305254558289372964
131124610
2014814967765270788
434072143490668604
520066938696362405
329264949891140365
499281130256410884
577404294
1640802778410649500
498349320
531688697
985284065947495099
1989447528336006747
549980802
941949331565146172
1433161281794180899
1896791222023301900
1606813687940353627
565308096922752884
1690374482571870628
496078209683584644
1949195481448194188
447357598
251988097
188085268
747199488702800092
396236915079441045
1962691235079669420
1755873380100989708
318773438
99072169
683026681034289412
167095130
875287232356770012
1448542891943229020
329887452
1051708581719419019
1372173095788902899
751397834921396324
274068052
807479844727263812
1606764460280783147
572155226
2268073495067311668
519222961
139064318099031885
715653585785514605
2207083215702131388
523656707391699405
1950707603539510028
1430304382077224819
1384537838258677660
755591779884324724
2013559584009023948
217011376
1431478368810649219
533080586
165720041
146928997
170660610
178215617
136016065
1238398114874910699
236456195
175809392129112364
391633105781131125
232872022
168242747
259457709
100801701
1539855476959019427
198819368715188605
166009594
1510886147601725900
37382110
179355994
94239236
376887456
152021112
625300607726721404
2118051795658232467
492139732067540932
1050097857167636859
1672006367564382147
266842656551307725
371254295089199884
1672006367305576707
307702613638027644
1385470940441446580
300910602
446591666
1051006532147435379
590214521
34019606
380038136
1865782834044489347
561976669073189444
2265914893127835508
564024447
416866456
185969202
585827006
920918937034843819
2205897054910599788
360595685583758092
1701969239327918460
236444960
237850207
188854243
491942145628087052
453408053
808914904540660092
139264979
458862820284790445
371325598164486604
1175925462791977179
1049045267517778499
584955350602942685
876346126315241692
488824814209810452
186642785
351492146
186266765
169545517
139905789
2266001336033128108
1510555991119738940
2137950691065991148
235859830
103379188
198631441886152645
1958027983658711220
247830803
1110267454007080979
981885373370972819
485170273
1540407764247093907
534942945
1831762813706148180
585776302792546525
262981839
305982942198441644
456992374528825285
531916813
181510368
435094091781515204
499823556322023044
1863361193320767107
1431336735819806299
579212597
1174533585135339659
1893742288100628380
2053087772260180187
1991215565168774907
2075026053893645028
2267860993820745588
810830754868579932
122937959
679964990537183932
151586977
146003913
1796075454853952147
160263366
340244473
175780988741535564
282811148
47407830
1495298457865574139
234071745
1303787897018029779
368415842779470084
497173726
571364969
393801515306113525
137400269048510805
553354874602422212
434077357868693044
1946324468689543708
412603760
128995267
1760291032970724108
13313105
132274049
589199197413587485
373902946241133044
363325970477350492
520874213977052925
509427521
585127443
175381470
381165759
1734804768876454627
1176487341035653379
1431327352636467699
1864834154249351187
558472707
501104857576475244
1823713770558005828
1736974152769896707
1705867076831630980
297157881
144956558
117118553
1734853284893442507
418864364
202384362386070045
407275529
165511932
370899180
170431781
274334705
168687756
197509619
221209550
197558865
1732996247725559707
627574969135970164
2140271149551546388
2077954663538249468
1510633971698391220
1757494850334507148
412526010
2055515275540820027
21202971
683918797520719692
427340599
70593388
16506247
258277753
112696714
520829088
619545517912563612
560332399
90830697
590999145
560814045
808016879215931612
544708661
578088878
1767304551339161340
582659776
983978958700492779
489400566592295292
1768742212728433060
1731968049202556667
197547973
582556707890817725
2074125520107265788
1111666897829837179
533567282
1639383543781570300
1574858757614090300
489980044412137332
388934957
2013195296862200228
1496494072324249179
1962325723973498580
2052825107320271507
1770129155543296500
2014090700403704268
305342587405706804
370593124
145751030
83929791
108815237
438976410
326823384343927485
1604970461674835507
1367630069092976859
321671200
220530566
371736487228524244
746286855485407372
563396605625718684
2206758649765962268
554172788171559532
1381952402738759660
1545693874796352067
2117559002566258387
2141182032158424628
650219918701430885
161425737
1706005028475996460
1580060354174002940
2202845976804712708
552854798382436292
139195758
1174141125021317539
1111013730066421339
213323704
553776457
133401820
113903588
2052782810220638027
564485291
159889146
746875202318078692
581825209
1540102085889159907
1757443463941951068
1176595686566430579
111614474
752884889445811764
1796501090781852347
1884234459167633308
755386332537535084
577589133
339970379
1705935597260728700
619683219367514852
192102117
312156014
624183428979697524
1947542384617218468
918943090260736539
4534869
584636608
586013032
1819936570305035948
495382315919468204
810388581477445332
124409487
558515580
1112415323604797779
62646091
874714419180879492
1798249168745483907
1731832409626493347
751873926892837044
1946676431266152708
427981453048450612
1701727073519401580
1859686453711822747
63009505
399902254
1540379632354111107
529676252
331859475949246605
1111225488017643699
650963381513426605
1540359125833474427
433931043934665044
109798743
1768735986236630660
226991250
1510253050174330620
987602996099533219
369150246135629924
2265702518771662748
518462420106225605
496956903
1605262092915519107
449040979
1893765143839569540
807991228088205052
140308102059525685
1707573026081577660
652195183612340525
1637983996320409660
2201610075123908828
239625848387774084
1573955777275750900
326822710822754245
1817660984665837788
616055663021453692
1046077667055912819
1510024799011973340
1429884974692710739
393340753594783445
104387343
458587451463052005
554842136
457081993367190285
185540854
1988480570046886147
342325380
687422480136341724
625932488773659044
2117538326390918787
753925757235554004
1947980775623569628
244686341980842404
459759939617040605
618978605505687412
199774260623243325
33072486
454389384970574485
198790734951778765
1819292322683671068
329329721
81055495
179212414
177755910
147503659
196297966
140308971
134472450618927165
1430651667368663459
1861825269705309987
241867414
243247904889493324
435650659391678124
97166433
394333899727735325
680998057044508332
301226992
171992048
2137716641426178348
395115166082116045
1641244191225538260
428759960437788452
1989585527306375467
2054013542295133747
1542502772721081987
1755103350537289748
1733619823874183627
393274078506747565
552676168126881372
164959764
2121548116532441187
2271676220823319108
2057155841661247827
587481046302747205
2117328908957830907
418307286
390088208
364688230636347052
19972440
216628213
1429947650690754619
165491561
259427381
189845513
180110339
219334800
1449010323531438300
363373099843039332
1799127523368460827
