2016534162341880468
364586909962452772
1704454460530760180
1770767197250119260
586060421
1822647353350872708
155995038
449260294
326985818124540445
1047491684489308499
455850972524345885
177349448181049044
135455204258617125
428468029
1767837919045478380
624997286071057124
1669808657365373467
754964110954317404
2055002722578895027
2056550383126744947
647707672304646365
231624377
1703902283263273460
1642644284685690540
391843813739321365
302616264
1704941719776798420
393813623
498508725785975564
327073745780128245
1993067011974586467
365079094
329937326611420965
715508190696209125
1734433476423774707
1885505210433794628
918871462685009859
2118405525445501307
273265067
437496513619196004
91400036
51635965
132477961
495966980954159804
391262503
1758046254969376428
1498931739111720499
2205743169619632548
1112075221885819419
2205743297444139348
1704058015496837300
559819165275633364
247031249
147654496
365804268
872391589249032452
1801477230067151107
1833487929271940940
688812734845896644
754165875917768924
2270465633021943948
2140151158568952028
559038481
435799777405302764
2073965908158660668
1898048684312668620
1960815124657183020
1178755584905922939
875825852234862292
1831901862699079660
1833550900500470140
136332369
306340332355323924
1948349561087950748
74519685
549259610
936310307418222332
1512710752521205620
126666875
2053438130988003747
428987375
389353629
118957022
2010676504083426948
179062681548233164
179244243776702524
368338607305816284
118357482
1883922794354413308
1541981955957670107
435955327958555084
2206034793149861428
555679044261035852
139940505
1051373303873464499
2056971735881248987
139192191919048365
1387805979408680740
745383020471877252
377021484
1385696602910176820
2075371286999339308
397353323
1540027227780620827
350393153
91263678
371497389
681123253550661612
542048507
559922658945849324
1732096435487326907
2207670637506818068
1643728771644611220
177438395575404804
1704596179504731820
392764163213195685
1050856269457070099
1990658251806404947
2121617744622235787
1821338080691867388
1801625413473927267
923784012973947659
584171355646122365
264298288269891525
433171745892727244
1516376275965368380
1798744045641432667
387910900
177143897247094844
157901056
315472212
138056793385662045
1707106598938798220
1861594983020966107
1930074709765807907
430137034978045852
1579282132663900460
936404468879121972
586313133149866125
1499508289952185099
556405674521158292
1179403828561008259
2272170037628857988
119337791
34783765
519899212834535805
52484418
140630922870564925
332554076
331691830888679525
625584724777007644
1433795788596438819
1946326700388487868
304646273040676924
1575644424121681580
492327513450421972
747458519074272012
1766246761902868220
327264854270941405
426982706775949852
617033577395720412
573608275
81334115
370919746190792364
208666220
558003291803533532
1894903559648757700
1049666758026864899
136496454286915165
199030632628886045
45832474
383810651
200434531989756685
519140630938159685
534014599
265788981013859085
2117533164995760747
1818851102528217588
1927365057798505067
1957877906708162900
652539289446857245
198009037
1174153711993435979
983096482951608459
392930649778039285
873585878568824372
1797132371502071347
497061773870556924
396453801854019685
2115810667210580347
745816450115203572
580422681
539699104
262163993
202364244274243805
625680274697325244
201964927577053205
215243887
552768357099221172
1896405566284502900
508871106
1111197804836075059
2140362795994963508
1639093216912066900
810716493159596732
1113737764007107179
1644324967486453940
1824203881992860148
1610335044544237947
1609650940331430107
507157222
919757040039762459
2117828123569594187
1947986433978073508
2205702291139433068
651536357585148165
433466345713998404
1897645432234997780
363778224054833252
517829599
464682087
1667708642979319867
555229760145948412
2121958764506738787
1434544381030144739
1958026510340863940
291183566
382907325
489042051420946452
1865277848392368267
436898452702623844
65170307
1639561674119301620
1818759740954533428
1432749311391918099
1546404974927127107
370873478363490164
457437685287717045
187594332
1882014278889034388
1734285652564923027
40556732
1539903382500097867
1542804479489363707
539492627
874225500043252212
1541699308980113987
267483411288070565
1820379238585888588
982838350366545939
2076976596338904748
107385772
359908874884473212
478525197
366876290
1432546175997389059
1544942132799337147
264549820258761085
1605583459101381187
1962610070319237300
1112649908078807619
2140440823251529548
498333063329224604
1819753702601985828
1895119835687557220
982160027479603099
1945827932765114708
557828207914238092
814090461182164812
2014112055645687908
365933234875338732
1822148287954505748
533181475
1500309396586874619
531693831
1736352814558199627
627280418008930044
585823427321698445
277219060
2012444554272760468
1796629605434523467
585857868176164725
2055979373228555907
135105773754333045
754984118281222284
2268877267642012348
427205220759068892
682959320105808052
1385683681303255420
1798950861402329307
319417480
1992581397881785907
746539485722673692
37537083
329175815592946085
809743294369759572
431950094139930204
1961810703515003460
1513994730066523860
1831813417747528100
1049000910374020739
326539839353308965
584879027350062765
2051898513014857867
471911459
1175044750829557339
264922373
2207761459876405308
370631835083864124
923095288310015539
481414050
688538250140022444
137249658668816245
519843430012933965
296735521
337161790
1511937474235054860
544659742
296735619
239367282033464924
808457991020736092
583769270856566525
617984087850360572
351116980
650579289662654325
747375332798779372
494660016808743412
1637997199505172340
1987764256863121587
253758806
199104537072237285
258325840
559645250322376404
1668204725133365467
297072634
1701962060640122540
1769004119369267700
413877655
83480612
577257178
407545249
101171840
546125371
257044717
1860395587564596787
231328604
1765007585587087940
747443347065802692
582603901
1821734726540751268
549082337
319145392
1947698371052863188
234149653
240965981
1368654729922610819
364853564
90901120
73010751
109288687
357907005
1958042741365709100
241653766
38532549
109397841
361278463441498612
141107002195564805
192938670
1606690577290867067
285210005
44657311
455552118203745965
1734339280155823947
937640329006886692
2265665052370198868
1894026893894625860
2009794493313302548
616963225342942972
553567280
505171325
133028386
178445137
286467077
436722992
229527133
1819529903657033828
2267884335903838828
922150390936607179
461263441777465925
687379286226417204
141728312
469298700
281309158
219210999
48901046
497865875370399764
497157040123644244
1830155166674032500
1671113414912667387
85796252
583611148409104965
1691632039213498868
328847421184047285
617824885151998292
1895628000079513220
1755981251470225908
1703374482939279620
561450785055832124
263144467126544765
1927253661355245547
1755984510034464588
872714565223944052
1732807376461242587
713585322306177445
2143844610758689468
2143879426215435868
1637880404655298700
71102546
579148958
327466917153553005
2116915920220049467
1240596787222558539
1925645373193944867
2075663034851872948
1174187290242385779
456468480921278325
1756841502044356788
1240500193438115379
1703676154153237100
938338786372657772
873824172209672492
1112466742396016299
1924178795210047907
551883137280540732
982397646711634619
427611141911376092
183612420
561820818297800484
422852981
435428433
1734208718296650187
102822564
553359213588140092
1753670571879641468
1859818944886018667
2265760521825373868
1575772297328773820
496988360883575324
137363821
367431778018392724
649361065696590405
1242115203441592779
1924139882510369427
1829454731976551020
339284779
262781022880425525
496898667771255404
394570537049380525
541267019
1755957460099330108
1385310005919692820
2079237874624769628
872003573629551332
1991044742789459707
382955859
1307077510529034699
365958673945710452
1866004586809479227
1887432870858498108
1543101679408980627
918922444404972019
876068753114222532
357636616
1574493973279508980
1754686119159348908
394722050322335605
490845395443228852
1796367185331130067
391149287372887685
1366268951928166219
808481098587041332
239693046207002604
332131348471445365
1987641005024903747
372676396151118044
2269531097970024628
118729898
184035857
808054666053169692
520173755139549685
46736706
101814702
244371462102248084
1046374245004810739
1047570571218667459
711694363494856605
248955601
326339395
456053410516916925
448209261
1691890965322333988
1047842878080173939
90117870
557376533425098772
982373599377992059
132060453
876941065155448532
875727020931961012
618802579826614372
178191212
1433898683416299779
1925708925601825027
2055380971872985827
370222423939200804
525285205
401359804
455709751974119205
1175478610576271859
561670780
371117060
585498206
876522254966280732
48038385
1381842261589657980
495845053166413804
1959440404134676940
535217339
432314638211282924
493072870
2204133846023835668
1669015977517334707
2141899115199663788
202668176
235049789
391064289643116605
1689620688858841148
982294753988270459
983430106697901859
31020310
1447524231103600580
1429902623791012299
371997783320828484
498328078924888004
1737476823842951707
264352315944126165
209971163
457060175325539005
1947255209952801508
2138083629818954348
1497156300086548739
1945911473414914508
498455462
166811841
249378295
94823173
2206580229259112588
646467223089710805
1240193921232680819
588694666
1111838688358594979
265840712816318685
486789642
404213521
279015256
2073617843734561468
224217125
561439100
1893606570297149620
687389447126247044
558422934
390911807610537565
454552122658208085
1047208273029315299
448035332
1836576698543995140
486214910
984685523460843539
1509673222450965260
469538339
570565640
264906435130803885
1820003732747706268
393821925003741005
1239874348911217379
488855854199570412
1831702394859366940
154239449
288845371
615914351490302692
138109393
199947075857066365
471672870
116157034
682549455722319932
1304734855046072419
105391984
1639204583106631700
398493557
424689473518989852
1238037234952591619
459404143
114187501
1704855007550720740
34203592
198775621310633725
1177834320189859979
1177480998952662939
487412839
1576993563630745620
1961668895017645860
2055070048822797027
320307466
361833607507955932
1239916888442500939
2119676310557319547
386341234
429593604871012012
1735037582300193467
1672758517870461107
1540118723164315347
1990890377033330987
444852866
2266547786196717708
1667763390272667187
176607840
200493189611506125
492024007
1541290200893330147
197936157
458051400
1540372678110609187
121732298
93114260
343615996
111491196
200391716
1366096330230630299
425741233
1367525480938977339
99369790
449855785
619182924878487412
408394729
617509403285901252
1898933313086248940
1951591896935231708
462908964
2016462369902748308
1512414566477015180
1989271792390975027
1305935581192837059
2012114068356763748
713142463312083605
48807233
284708636
205977374
433280394
200367471176443565
2205933404208242708
305202923241764644
618208150862978812
1959804288048281500
486923580
459382381809505925
1302369790347131259
985175188101192139
562796240
265097375375796525
552618285
751727207770507004
183554593
575532678
133211850
456187033
627445026291103644
1244045844085668219
203050330425103925
583971243749587685
153831539
1690089917647085948
1606193327606058707
2054096432767070227
349441007
1174662189981235259
153916324
350454270
129558762
167127376
212789630
391070584
390824070
1896441631792486220
295405992
1496522699622799539
1754518460643995988
198429926731904765
434066098984925284
452776499
394356291
394584886
161629869
1893997248116542060
157758544
984094677318973819
647580558293632885
2015239540970549628
2057647673400864467
429826536452637332
1756719942077902628
404671091
2116604372927418827
1798968658538569787
457689208389823005
650515032628066525
1241400427930941499
393702007254779725
371725611297184164
496131195
1769076972690912820
443604816
1641722746858465740
145013748
305449043449207244
1669573307502399787
588216786
574862304
1668007518572372427
519274999464884445
1369934900335319379
1238840188087428819
455851578285267285
1575603037459466860
160877604
1447869035372206580
54999057
544334495
1047879066288671259
684269952658891052
239768824568920604
2121723643905691827
1800731557934214787
1706964876881664620
710997757416987285
264940954035595725
309679930
1756248761284517788
396098508328044325
1926013962507644667
2120197279803097667
938580393561403972
51361484
532575605
649953254289619565
984863753571379019
1883832779629109108
1695833072178045388
1833325355733923980
125417706
2138136460225261708
1573623411001846540
2052541770579345307
617100624937501452
235223882
148421550
34172636
241959305283630884
1990191818107773227
202599654187465285
1303852382082775819
2139915997659517708
393298846211774725
519685438778210285
474350615
544828751
463289124
1823404515567976388
101915270
130947350
937869043370524292
1639796328396257340
712464196959032965
1895926413200661220
920167795306322499
553824813702008852
1510581255116093420
305835757071489444
1859924032550227747
1573973145365042980
1050050279639172859
425658873
810753685785895292
533493611
32883621
97287589
1708203822420735980
1768119027002870100
305732592873355204
178458403692898124
497393706703059164
1111698801727436379
626084813076486764
217904438
1174623632380938899
1305033525181716219
1668823651301859667
1431217759386307139
1433284613153311379
1574426737707140820
2117906716808163067
582529551725594445
585204915212438125
180670895430477524
1540301406216592947
263018152709577285
166810128
308327840448538284
241950078625573644
984732002978151179
460598256315685205
1432826718869350699
1369409359467653059
1432837264584919459
1835622109623245180
329149101595899925
877921984027082932
1449461909213542060
130224940
426486612467290852
617629996498440732
552752920
52989615
752015488985872564
57922371
19006366
212746458
111064256
329419588
129121908
70656945
89930704
252560424
180052292
17003723
70912475
266300124980701125
1734510629771911027
236299382
1641401720502609460
921367375319849419
271437792
88333875
491379906005594732
2118150049064112227
1451710985428613700
1894007397004687620
2052248403557920707
745852751057601092
544105181
2204849695179542108
690610414377109604
371658441284613764
586592647907456885
1574742168358901980
1896066257708001660
544460548
918799707949066179
691106244716161124
200042966346287125
1926642927419301467
1691119471458725868
1957918115497441420
2272202735853928188
241449646142695404
1754163514254777908
1818905681811632188
191339910
918047635346565059
242361993937557484
753221307246312124
2118252571655712307
561393585615612564
745894769685820012
745970099214835292
1541754098675826667
2053764373157880387
2015937622058938828
314567822
1383929307395287260
1367849022444738459
874020798882148092
1175935162853857739
1831868030002042660
231430602
2203794949354017148
409473061
2138011092404338428
200147152066340685
1305646489695385579
1432170734063994939
1670139511435235707
712931143929228005
388153659
2009571550990656268
403312884
1576585876967864140
1820769033704071508
464860512
747079623519138252
63041373
263015747044624245
328239170
1638285826186311380
177900793030641884
394355400372394285
628469004998376204
562250506885638244
211104593
1639732007661046380
1606186221268226027
456852870068169405
2117695645761629867
712592198187259765
264872316086811205
1768118500131952820
756896982681565164
493329698662879852
364579077162770692
2051636004342140787
2267139458069720668
582804242964384405
2052390045025292907
1755201309532459748
983747511845530099
590027906
1798834746053439907
1957726081895372860
177485635
165443824
1368746247657625139
544002407
332476518769281725
560965556580686364
432530503161146004
511892769
2116531303699918947
580833208
1754033547076948548
46467855
1756948358936834588
301372792
1704665551476603540
520101314341321125
304486435066640764
487159198
77712455
1639985429698427500
336413826
1733214549341666987
550767481
1820484606187184868
394192954
748341260894707892
1990659011312262867
618533660414041692
385819223
399109334
178607778
1859800487207928227
250051648
499039229
936507056320827532
184665467
76269007
209893866
105155105
552318429775880892
121324388
514792684
623789421700471284
515016153
1894998550924830940
496656859385534124
389168139
2119909089872335587
1769808380742359260
125160475
1923923050850296067
495621669834614884
1302203926037862979
217754633
128520740
1240258617589954139
618642367388229292
1704450585064437460
374923802
1512886416647342580
277441641
746361751865126452
496143466261101084
521990847492552445
1759036063889543148
490877837359583772
1733561315306467107
680501534205959732
2076084570381078148
42726116
168557824
106930583
134812189
616702878932590772
310647729
2266133872651543028
413834913
1707931342238054660
745209127749640452
518515509917375245
425403246774874052
2053249106975388147
1865641946274172627
1510985935807969500
1695238734401036468
190986852
110239796
810730918111097052
923291084421601819
1797578855465054827
566026706510526604
204390892417521485
1694529504067371668
809986007525383932
1947129238149952148
690976012030490684
982023692252927619
1448935235773901340
574297339
2012733519205961788
410191668
456278051538192725
689203011380578444
2205752385495032188
2118851982951129747
497375683714361044
1241183906031729059
1817846107146374988
621598263845179412
1759596865961320428
139130792240953605
1306609316773181139
239750744340240724
1733172716442001667
626881601842448084
521621297449580845
1573966561586125140
1637133143520143740
567024243
1430085402777569059
710891656812222685
1755046454550397268
1111925456970843979
754256017979950804
2204408776396259508
873077775086109012
25578088
457372393
570785863
262649465341425485
213319193
50082317
2120653168299552907
363166184846488012
256627019
2205807170225471868
314234116
292655628
874298751438734052
500452825
2139952520278356308
584788576054790245
329892329725118325
2057791222782209667
682025448517271612
1048483622394480939
922469152215336819
1694356966886351628
1049986151008266819
809273134441542292
618278823329124452
2139787932579852508
746313726614740772
618248016246341972
392853553262925405
136303784147768925
623394945812977724
744070904385257332
1991199073251729227
1960284748174591540
982926389601290899
583497786216987085
1898045124905174980
389480137
157372617
561514416907004604
328015436511832445
394057579
391575923316373725
92785584
5477957
105126623
392597422648224405
585847084
170683914
210283538
1541761545712366267
372913861
485363379
501114076
649470181188470965
1734035603892441347
1305634249751951299
502194895
875202907232387172
1705393403687884540
2013219622801461588
808183159665672212
1756114623794249948
1735380369712939107
2203954706641624788
364408583
459146257
184536489
393438163
373288303
757167801673877924
557644386438173012
1896957608315874020
2266519988253216988
416446037
618344277374553892
1432332616193812819
2116861589192593947
427271013
1640082651593102940
143350164
919749569167206979
1859898886309183427
274328922
2055132910613413747
327371439426874085
2117870080010006747
1241248802117970539
408713036
623643234131134724
408585280
299425161
1670763410281914227
502251656760838004
1116634840363837619
2080150651354452708
1608086903648616987
263613696856438565
307259335763073244
426378450
1239791945824183979
1862051455882785507
1305321859197798859
391403345
178889387562297764
327609900
1924370638742703907
1640377719276206380
1834003271149517260
572758482
125015589
383655444
552512163809575572
1886286788921274788
1990087827960782787
1046595616512297539
2119613689831456307
1495243131570534979
324410919
1961127349240739900
2076723602685022508
325298560
266473649
1926325923770072667
1991130716238675747
754916565804611204
99412031
681478302130717412
940403977685492092
923194910962779899
303625600992384684
465596173
550196585
573031957
1895989837335542340
233601280
234421155
136660160687725285
233599872
1704057759208130780
440704635
1929149340101665547
753785460765682164
1755973381161750308
1543558802499575987
681767386261225812
1861686131345420667
1638463151643863700
273775423
103234974
584051034019293445
1603743812159295347
1305450372688557859
511914362
1174268632432302739
321359488
937170872894861412
205650513
276429447
1431300515074017899
359903516
89283375
215685961
84431633
162887725
181621435
292865963
431417794
361040399481454652
305427904335612404
304752188526742284
136311611262818605
2012052763533364828
555795996287271292
578542133
585718545
135671243
539880904
711919026184116325
361929821
205981732
559451931246167604
349065868
1859858646087528267
1302055058966190619
690280288392730564
145717710
184197137
810095489055465452
244484718
745613718871150972
1368084651530435139
1799208968078265947
200952783549487125
306746118639294604
921900585880196859
626730695825844564
243810529749879444
1237983711500584979
76676545
496751095
406665574
132032590
458043491953055885
103925053
491720490871570532
616913543803993772
519096478757464285
298151068
307787745209411164
203935236
29487225
1830039676383058580
2207860402505453748
428934874387116492
873783824109453052
1605656965794050147
150313580
2138681936319561788
432404089073239924
1639988394132142700
1447304271424113020
1383562111101409980
179697778
562099620991289364
1756501038389465828
1822685283359182748
1435100341359831659
1836564316897045220
1494171424789371419
266163901198732005
1383031702578001900
1049611233257154699
682345195590439092
91250800
1513270472744253380
1831305822066227900
160418940
2204492173724110708
362365774419525172
1046689045881538739
625714523100862684
363505038917066732
1948416744856138468
750270856841039772
191651833
358075321
1638850682433259580
1991096624238686987
584756188375763685
619373509149109812
201213779842033245
1512518558825564140
711714306911914405
244785988880308804
683294098256945452
984006372432783019
584717392155244685
745906547133325892
689844238029809404
1689587585057947308
1958597031642613340
1766733407788309260
227287154
316888307
123856270
76269687
113792513
160524070
10772868
2009986212070064348
2073743345457942668
224801985
2202788895068131908
206847241
235965383
575290925
390945190123259645
200809228
1238871796437657579
2116303685683027587
1575815343195371420
336939404
498367945171831084
714290198697150445
1754473432121479788
871992533705039972
618454097918144252
1384315456594257460
1798102863187100187
518899211723679725
132394708
220449439
128482265
202824326263835365
58457765
2202584538896069148
460603169
432971580151834204
143472694
920312688694425699
2267390521906720868
83179810
919478336823982059
1899467323045406420
331006102649554605
2269730748752069188
586958988
426173576047726732
1950526927374327468
1114871470880676299
1514813498751559860
1114871405838530859
1799005132471840467
2058013380304642707
1305693356427847219
715484343301883445
1819979056843604628
648246981858597485
1307133666821867499
1702028396571249020
623618468097664884
368501063802948084
303695976533530404
2267523808921039308
1383689489699952940
1823010222118841948
1823587244830036668
1239312446721689699
581992735
115271050
401807513
123466546
127807566
53725713
312503802
107556489
424260451616367332
257551867
456675727
256485172
518837665018108565
253681888
248608503
426188109
185826015
304029551477397644
171613309
548225638
116737506
527300593
260908514
482534499
468834687
222079792
372551998
380576792
1238537454646363699
239555522556955244
877887759317225852
461008145
1366636065736018099
332096443450722805
872268945173143332
1367993751266867099
72491494
424197182
331234686
488999818
584475665361045765
1927037079661683107
713136299133958805
2203398124141436788
1381392396952155700
283690475
297518960
489063456
92046317
175794295296743444
2137887447439843228
744375614221361492
755003269954853404
1495337241462876099
2077536230967779148
309648369
1573743595607870020
1882120236365836588
744004736510964252
258152632
1987811293728678467
211933563
247054470
225640839
1366304124302326259
1604827336494890907
1304482905592227379
183294287
227694066
212555615
2116571613492195667
238276134
423905492655500892
37861948
752468586446547244
72977343
247572439
1668754511694020867
1797464655352721067
497792404294007004
753376191306082204
139538196
438899352
92129038
67023575
240644614058051284
323927488
370646194236524844
458587579028035685
64252520
170173271
983298424087931299
200023436
258442031
544383857
210005848
245833083
393436431
1702179116467210300
550547553
458390257
445165569
249798459
18499515
509318018
2051783743681917187
295482588
70872745
137540689
482223463
347144270
580679927
199142575600360085
1302629655938448139
327658462402299885
982012918127380899
198503779706722405
1702220211769292340
587913016
1947452801268687348
369074929163146844
1446865813260872460
617314228545093972
239811497088784284
433784194
588965592
563677034
456139151
1754814241820316108
746559119629094452
1498240720128727579
2056291013098876747
138876314888115805
1758359443163844268
395383846505969845
243556278795781964
1797808876628430427
200839974643390205
391682060973308685
100965440
125392190
810644560351158212
560339595627935684
1737099260411711987
1543725137754206467
364563089546883212
1896012016726599900
1885730274353779308
1786310
28644394
21773839
167835648
178657578
177213324067375284
330164939
918394308802181659
265452819796383525
983980785992776139
1640473418682357660
427335400
1833170810959759340
426313038357307532
1366142344468429099
498131203026090604
47093835
211040140
1691107849589588028
746793247219740492
713427928892381645
1606722227005574987
754357121167591364
1049621660489430579
587875980
1947995842141933868
383590117
188797092
220802336
168471007
152207711
616688689902928652
1830219356780594980
1643075672376105740
264625440190408485
570264402
809790708587568852
360476342471114852
557347674
562652601
919841557021460499
373651671645333084
321571682
1371762798323394259
1691944940062220628
352961764
152177153
307455121
449938519
513964439
177619984
710924197075748405
277040222
348787923
585411483554699645
386604133
121282353
356801522
369962788017035044
418250524
482348194
457424916254787405
1539707352735941307
590142938
1881917562184225268
1176618177303234819
1670652118547058747
1176085632564786979
392881523
1991821520935988787
1990502099801100187
291118399
744913047177653892
427156448154387012
181290762
1430459700342363699
476501011
49549585
752397864276690804
569457014
461063750
465081188
264406155
322805251
61408288
616774375525342772
341517018
1045863365548861619
28892209
115332669
116810578
467103589
394583114
490520279241613972
752704767928818124
296682432
2117928563013952147
433808863480551324
1765636912947271500
410847986
2056145898889495307
433986270983235564
561845117
983619275722045979
159225698
426798253179031372
563853541712206164
2052147227406758347
1305062061820098419
1798946690275237627
619153521340055612
1946413044913635588
576677230
1862969758443593587
432634935008487564
649288198177470365
1893924105963099740
1576790129052109340
496684100328188284
561281714
401175821
872156138926825132
2116186503693058147
581122292
712989528544651885
1367867400565811699
1540634559052526027
68432266
366417491672952892
99585652
982034647982868139
488527779513127212
360592573202256332
431490210295630244
368565262746896804
2268989142361489508
573959135
649404622569171565
1959607153908274820
1176379113817446259
1832575614361098940
1818148663272952508
241337085060900884
443906028
1604070275644838347
136868155984329165
1447901022613657700
391845850939357045
1703738948345866820
1367282857072876179
1690632851964858668
306393184025565804
1669171194417655667
1046946026199439419
136942739
874108768040763532
1574203239074437260
81077578
242121589051869164
315110577
712136394960431045
273041610
1238206392661882659
433341405
1384675334540830780
242627885099239044
1384995323147930060
456404801015895765
142187686
712915169103202085
1435905815896033939
557839411106087292
1493901864530605819
1757449140764172028
629760378281233044
456752854642919965
1447897709881395580
1447056938340608060
1511958651358525380
1755859211508564388
1045939238948259579
455956861500709125
1691660287114539588
561194200
1384490437069773420
521031741
1692142182386987268
1886017538264137468
1433630711285933859
488596755248464532
424294462
1540408457461485707
1429976216383907739
298429830
582477905979377885
393623138
1495226840908073019
1701630294745180900
809446224593457892
433491437018651004
1541831548471984107
111576939
918143868025846539
1496919234427319979
292447603
686982889651451804
1509920275040204700
510296584
590085931
1989333840745709227
2055973078109790387
138047145362254365
1176485606106736539
619211586657821132
162534929
985927760505272339
2139155685759049908
712216115979250405
1799227523242897547
1431793131055831219
584857604582447485
369552153
682144703210893412
1667711134364766427
1795661889807310667
1946031298402992068
1237869642564618299
1796985254221836867
390530144682051165
579732796
623676378324875724
1430390992692460099
543215491
142823396
580711867
414706867
1991003157352828747
178629296048707364
241412517097171324
1446980327912049220
1992017199679336987
1755569578514199148
2076747298252033908
985191440883230699
435609031155288204
401888154
2266044591451599348
1796155726609174347
131449959
554280861
1049507560713410819
552506496243105812
136146886
1513198528645970380
178223135
2141477535419076708
455834010281048725
303371025001171044
190103791
330733267476486565
693724680184571924
2053533886215938787
1754610020160811188
620106802739208972
1693454485795566268
277294668
387146252
115590624
229524485
2140120954196042028
224992065
408819048
1882733673996340988
1370187888518666939
500567061
394828154866674405
170582449
161771721
187455640
183920979
398215518
214749746
108388682
1833816175209667340
1925708796813078067
521986627259193125
684335890140331932
360453112089178852
1365894092543661779
179413153159644884
2013004918849404628
131903497
140959102
2268974496025816628
24065614
134391726
1495743489867151019
2266557506846117908
520267351246137605
2140185986478972668
1818481392726928948
289069601
1385698858316155100
876754945894182732
561505617439708884
683009974318007012
490200254225355492
1493924059975301099
1048004401422018699
1924709746937560827
982413317582059979
333921604
432683654426363964
1861765534219584187
2074306929589116908
232584066
586526937
264299628589554405
496181370
579845741
539262810
250970063
1669433375114887307
212632160
162962160
402688437
259248384
53752289
1539908187888119427
146492086
571428066
119333761
69164963
75837067
391907454
214692099
377503839
241353353
188342063
65723311
350961338
413780354
2053310193723671187
223967791
527216481
1862087893740003707
625285391775811484
1303987312766904059
384836503
1798012280413482707
1495820425600543379
362371307258519332
1692050936195452868
1733986627404586667
1605917981154316267
425923437963047452
1831960215411558420
1511508190331136180
1766743110158879260
2010907193670032948
712172208911121125
1303298073524991779
177868004908529844
2052767624904818387
1820051894362615748
230233929
103373877
150006073
320378651
84989963
291778308
463587791
186226284
178632658
550715221
400305495
2265900704966074908
403761306
1112607390056437579
499433218037643604
1576494468550216380
383432507
623633727878416524
52970529
218187407
2140662789540978308
1830279557911931020
508307676
1494262570998261659
136169246455302005
1821876139936534348
1819687298256294228
2143931467172528668
181031966682466364
1545481467324428667
716234146547124525
872527839366541812
263940181379201445
560597885979551484
364767573
305941581743027884
2077246150217965148
498377988982626804
368544383915465284
1689976349207318628
86084876
157764190
160039699
1574835270020741260
9886321
116114224
1604244267854389147
448365923
1573070490573055540
2137866453251412428
1433330363517041099
115413821
2055195295195168547
918329370797209539
490796515327435092
1113628696413275979
459166246731311205
1691884968415039908
326697671753570725
681993847481598292
1734594238886883907
576161419
157234584
653102346062731845
630026472176401084
434472215749229084
361301682871141052
1177661026425948259
441395399
1496660200730347139
329565554
304068753395554764
388029600
336365107
489938898
1430319033784842659
873734201893977652
1959917974950512780
1175047083696773259
750467889000005972
90017083
582948660
688748734016538404
104382563
1754032589899952108
744133682686882572
574274651
542764667
360233476587283212
472571409
2141426541193494628
1608538891525583507
522852387688761525
2143024857483685788
1499265927335249859
1695174734259622508
200375938501269725
1767328332318299820
1733984739122413267
1928013963081761027
1369326557266381499
360078395
306320780
364020579922522132
647813003379247325
1668166223373181467
2267245420633059708
488490234958938692
488235563012062972
245615345
917636051264931939
1817876440804998828
204129428
460449253
193122377
1173986894445619939
424820192586944492
249627418
159087676
92777119
1859722497477439867
518904681879394965
524725053263263565
322891087
745342254284767612
125569406
374927182
1926199489598415467
476009375
339667397
476013660
127614993
476013663
322190435
546915589
337972635
247347660
564611919
2140700952957125308
161433806
2143590469810823188
1768739827948636900
394975949208562245
1736273028714487667
873066968155554012
245377985613215684
360985135
485223225
212062535
587646821
187422872
618292843816845292
443779137
425347049
452706182
1754410383733260948
405733210
193619720
427446162667794932
179461178
2010340806524796508
371606973
2077550037447938228
124629425
432461941033376204
555114681
811677287396135532
985193041431439299
1947415301162262108
582809158
1960408642340485340
1894710165582469700
559458815225227684
871967621436977372
182304515
362858102
495472700903266004
98957096
334409613
96470280
169999330
455138627
490870879709008612
1175831790890158739
1753644387822359108
1833720039629547300
1820957723822994108
419687202
310962322
494291174
488550340072783452
170475090
1795896196670578787
1755042468814205548
1448336804600391540
504641571
444398153
135547856319556285
1641614297430579220
553664759049018972
457252123462375965
383982573
1544748957483921427
2051965108506718227
1818055440780484628
425752312551555652
681352749183189612
571204937
468253468
192435712
92632960
1671732935710363347
258363317
1577672740020131860
1821510496528232468
1050201925825198419
751823658468030564
1574901335440025340
1176700504997099539
752228988086647444
522483283316046125
425274752877392292
434376163083167804
82213738
167848313
1049962510477138379
504329710
174009174
333561097
208272324
1926440980121939947
489452891613970972
937630519224000772
458441574658075125
2139655359269839508
425233710
1382966073736755820
359871064759468252
1306114951109171499
426897888707367412
327852569794299685
1511934051557345980
585655267
512514586
579365532
683940078430278412
921783024352573619
375089071
1240138499293706939
349874823
114603872
2120003748168409547
2077348403842982668
158725354
1691921720349749988
687467851247786684
1817809540391334428
488271097817423572
416582022
236251280
809536292660006732
921113988692756339
650458174461425605
199212405943425685
563978463757809684
457745709227730885
135278975676073725
514081339
1449382662232975420
306601920
711716616563165765
1756174439806128468
1959892496190207860
514716617
563261230
278480718
2207784281103126668
493991310683369252
1963032362204477700
1820369508361024268
874146586288545332
1926628310175223427
318204711
567211278
197801571754542805
689370832833931644
1799429175084494827
1111600708690401179
274424564
559240982
571663596
2053084933615403627
489403940013453172
682112352011620252
430119352603594772
500244379558795084
1801617983060370187
585380976
1795790419471986827
1702561783174953660
1893710827870647980
97340926
229625170
1574621557316146980
329583964
542461543
1881684087741964068
501550294
562453633
325931031032632925
520905293998434445
568445005
504480493
1446266711260887780
1820934325314654548
1448453447542384780
1606348717507863147
204798096
1509633718519859700
291279224
1691599588947283508
1046912696340551619
590205021
554392696379216412
2117538070364930107
1540552612726018747
458446620
428183320217546412
185251525
646383592469468765
624933723655809004
2267027201119818388
1239418052372265299
427987656202781052
590582406
368284813756299164
305143482
497958835
2271627720741020188
34759081
254807606
744183030067249892
2119411614465282587
368818541711448564
108949765
1177338692170434779
1573860771499345780
202011125171451805
139452514008950765
570852668
2074913191046300308
138970648973257245
590384258
499946928
683862706139595412
239866565550373324
570100813
488578255247778092
226231325
263026890826328405
205894707
435207856043485804
2116129716200603667
1819393057162682588
239622715892415164
1894284970715658020
1110240982043986579
200091362591361485
393535199321749245
2203759152157441868
753772543752628164
1896142627956275460
1704058705750353540
1512141718321018820
682150828852969892
753647253123099124
461263634054252765
564549563
176039436434541004
2334420
1639530352663050340
1381646654186895300
231217672
323381490
1541617971332026707
1831156941880125260
1370840363538360019
590372525
1668096237525332307
1829134990541854980
353061496
937717827538112412
551568508
1802347854513144147
1960827351335945780
553115378228806132
1756294359093322148
536523218
310836370
249966434
1674595820714242627
2265964862778953868
574831293
369387694721972484
689836345407740124
28322135
2203756698154426908
142498859
2053757170684182187
1496359533142313339
364268121
1112242974697994939
1435368402640640339
559157670
754262779733715564
1387063370342287580
7781979
116431209
272533183
398544087
172681464
1957885090667734780
348696941
21704031
388898961
85006502
133827069
425615386009689892
126665373
156536858
497765740235741124
2052900538894163587
418182137
235460893
438704338
520395750643002085
232709869
2138293935982337588
1604045398786306827
448018246
1305026411491440899
1539648256839138947
588469016
578608532
559947102115395124
405197490
1496710059418839819
1305338317615913059
1990732360430788227
811416387598876812
1882937733362044548
244709871096101604
442213673
301776458
1112671956871137859
874378012120399692
1734232346007155347
276828919
1176805609412147179
342859910
342871575
1796423586142957187
336450917
1924453581320757627
1575943089380751020
755208717903612364
2202716503453852308
472772034
874544036848934772
1493976131373312419
145965579
151993727
273694139
380060178
193761528
517971911
195073938
1574108510666761860
318042570
192706903
370545475428133644
79912217
1702824915520891540
368840936441534524
496708558473447684
393685214238480285
1368185176959908339
2075594645972737948
984301292697364019
433727169808021604
202306253374920245
1820568888818209508
219696053
275774349
388007982
264338685234120765
330988239505189445
620010701265456972
1705773096817879140
309682037
271651219
198528458987854205
2137750906467361068
1432407782692936179
938200930905178732
1493918320332994259
1541001138793402627
76195042
872416490241072932
153269704
679927525721977132
1539877042673123067
345852923
937404799893635252
165627572
164216189
649670796737644925
616724561966600492
1430398660077823659
687364073717253884
340408010
519565273181763925
427793583
2139621319471669468
1823267365053760028
554551063131512812
1578851885774387060
460940657
264308807456467365
202294296
587504470
532155190
339682187
181543669219334764
1734908023727300787
584053927539595605
1542530025398919467
489445580238323732
2012097430669078308
1496131686790441499
752450220570139284
1639623726255442500
1112899843126774019
484571967
485572295
500852609
415422501
193129021
220960787
433842398499416404
1767799073025955540
2205679553330127628
689346620487195364
2267564766695539188
2074935091508277148
1382489715620055260
19916204
1704675677204347140
458436988089493165
555573008353042772
506195961
2011715343488667268
2268906761935720668
1366746289026590339
431688664571930444
585297751
60925880
134955302076422645
1732263662542982707
583227449703286885
687897343233153324
1604826051378638947
2138030608379261668
149259651
198756198236883205
1702109948458199700
205781973
545241392
562689268394625244
2052132489251114907
495433343290210444
1304145361881876579
679976311737496132
1302379760431380859
563150200
2012493404126814228
224162734
181828861
188757254
1381848404332635900
810310917267546092
6527180
264416623609800685
938119487768789212
177391257150449804
423614294543225612
1756008834385829628
2013544817479712508
1302530897188649299
310222078
46448691
1958746204063037580
1046095085847747339
1448449999248148820
1304252375997102299
809718527344996852
216487249
746277890907615052
1240161048564725299
1112857226279475339
111802461
434780660176410364
1895498435897969100
1690990244445400708
89875848
982166758314281219
573236049
556283904021164372
155279583
2054861985861931347
1638468565083781580
1241285865019176859
105473133
628361708732258404
433242283
398466241
455596114118682805
2013983128021004628
1175548230365685619
262167759
330256526242924885
177171611304823164
160323442
2054655275848594187
474384831
487897795104673612
1766504470946211580
1110904839390341299
199685832052394725
163084594
92624007
493561492
369935848
1772179827227002780
453453530
1383192261388155660
1386985474291927340
477037193
116729228
140051138266466845
413988575
680960802003608332
1929066344984199587
1732871313620165387
872196531879146212
1860961310920102187
140239830
179812923332245284
196269273
196271812
1757791492037173708
982953671112407059
710650599017825885
1988776990994198107
1766026321071892500
590188162
922273651568302379
438573270
501742843
502108632
296852389
423895677781737092
361691425920888772
539309383
1542422254897840187
1176792494515783659
425123739143011972
814527976455872652
50374617
757694310494603124
1500153363574159219
181062755056297844
559589041
2269499242649387228
300619670
688929849895368484
1303977868577924859
518759127950895885
553361334738973412
497563940349814604
1239266610768435979
590792709
681372485776228612
137222287
2052328992709316187
646059641123907685
436101230241061084
559823327051270164
218473381
177877635
40926796
246380711
48909626
205817071
18312697
112854401
76921611
8151698
300767713
1704051342524140100
682338681740439452
1240297126802135819
1703604156593264820
753516092426020924
753229570040837924
66722675
497749353601993244
264632011108174605
497877291281987244
590161016
1451708582820996900
1173949434323814619
518560950669768605
1988834769221418987
518693749425998525
390821666077579365
918576913208207579
69531691
1049316262667950059
114516072
590170691
746098421728326012
1575424343651338260
1766388573340026740
1923856155929059667
810139741178990652
1545408454664737227
497312929
1960878997226444420
1927217610195325707
145502145
920600226099763739
2202408486084313668
306375452392187964
1670219267335344027
586331852628138445
2053887882050245227
456854240937375845
198499507757594325
1496850431515084939
1946000095142494588
1754804476220879068
570823531
198730029315467725
421965977
497334321
1384558244347279380
1113102361914193619
167316441
1445667794752768220
91275035
57872266
124518509
158078105
31533068
1446816528447764660
54314030
263412645155068205
1958557267966413020
174227137
167021640
310996207
492298505
1925518529241120827
171538348
1238353016935393259
1576155214110770980
306007735414626764
426141437
1883908081905144388
306005454314911404
625523715619599964
118920035
582274453
982932403934280459
523563149763712685
349891378
364332303979569412
566226221656561604
1834773873604782540
133325587
556041678149620212
681175201260941452
584122209
1896302612634818900
488538555394875372
369774428099610484
347529364
535145592
76551047
288670882
714332190740998285
1606223384594854467
109573294
544614429
457508884458338645
254986167
448445205
753123679802291764
1383356771184793380
71503532
937914562388385572
498206184781195564
105177958
258437010
124256294
117679055
179586544
2266535157806584588
56401240
53973852
551178995
2203343727333183468
1796426758909432467
1690387755379191868
1241541170919700059
981854556867983939
403834967
1239725093595207659
427635440096427892
1050186984801372859
2076374813057097988
1703926683632015820
1510237638850836940
1924767677200581067
1960783423862999180
1048224471414752819
756636683444004404
438053979400997404
1888012616388886468
1796492587961048947
1669301941089006187
530790652
574456684
1926244168895213987
99094840
936969744831250692
1383969007792383780
202691929
502593392
1605507537314439187
810909468633260532
1818457702268612428
165737912
622349172776742652
394563760201468165
1545539402989170747
715816918764529245
180427137
2207721402275974988
923065948233431299
755392486954235964
453271810
1994461537434554107
520919433202592285
1884045974407753348
1820514855869371108
458731359519913885
582987575331170205
281708569
552836387196895572
423945253996060612
423962178
105275316
148247306
1893201682625812660
106742146
1241847434975959059
88982369
1431397871481804579
133802991455585885
692922389758101444
1499509574468372819
1864969665364737867
1642755667690239980
2015097385740997348
2079225589618475508
2014841382855180388
431490035053614684
208494527
348690947
1495252228159662539
215966707
1430593570989762219
1927325459252133627
590114391
569232758
583992186
495876205172168404
201168131814487925
435412627241908724
1925378391753269267
1831480430499481300
809954962390924972
1895612470316062660
1573999520036567180
517674920
1797433068200275707
268207534525425325
1887337233397526228
1432495000422512619
11940896
1174007150729553699
1860042821206130587
238539340
45236143
390431625002993205
809055622683348852
438080765
523305846
170736273
1368773557118985939
553794952543916252
232883940
335983055
185020010
1177444923138160739
1494653840865249139
154398852
12017479
396637396
809001344478523772
1988649919033295307
177389667951561284
306450651379186084
1496840766590126739
121529235
2270428101025866468
535581093
547226198
188286285
353412126
1818611744803217588
1302764149663180619
105161441
455658689967376765
48710254
170809080
313065077
1667662924050853627
1175993344816343459
1449327594532321020
122612085
1048198380872345619
556571246
156840369
71534385
106375102
108759145
266286630
256532563
428971935
509596547
198655070
1801653519609376747
1865941124806627307
1695224071354974788
301632916
315567066
135888865670477765
1385677299880663220
350755540
159056855
1175786222930586099
616478331422913132
1175810468391209659
1496311633408685659
1756685642277634668
496074151896767204
241734100094531604
96365488
575484405
317486775
242655059
52151159
126594370
64301937
144635759
95230049
105373416
134738679591409925
2138770513493168548
180978545
353260222
20820011
389698810
1897177328940369500
37760882
1495741861163940499
2140322457860025948
172977553
1370675528671221419
811448601367622332
1385388026061363500
503837322
351908054
265598930
586905739
431795400514996124
452578644
441047927
177393662885587364
1383508433370184340
1511443811334399740
2202036013099307548
231114083
616145906291208052
1927550849507319547
442541189
1111343888502937579
1303144595253872819
1366206378744535539
515174019
1884375409501504268
1821428709390410108
1765732479580642060
1731809526507532587
1757802164096708308
1176659072156191139
118877872
873271397568500412
201196232148732245
357309902
2076650444810109308
586682410
301138890
648873161204987445
2265860621304537588
646980350779460125
1366371572366018779
619705419337265372
311983475
810782653773914612
711908283225830965
2265910538451755508
2052168370078241467
1382242530868418420
616292881014177732
1958015548791163540
744434790426529372
2266714298482598268
1573967041014384980
623731355048659084
169765509
114231279
1701633667288648020
626262153611393684
242110937355495164
923630781979637979
1496647632169461939
493398126241820612
281737854
1708260715265116940
1708197163512883860
576080753
552281881993347372
1960837229960693380
2139168775531634868
680325593095094652
455449284
343997054
372804151
92502681
406013458
506191605
293321482
429634933
526269697
398476270
445497899
1924831421483429667
499967075079174364
145366941
1574135606794803180
1894143545509140340
1574270870775162460
1927914769135279747
571825101
2269886403169312788
172221324
546987780
561294891963316524
1495247535674092299
434874949
3494158
178186241
1430369538615858979
233039153
872261065967194372
307681250
1957794211492034460
1639433570813287060
1758389213412139588
267113829077612685
1368141151785441539
528605627
1367486899724871739
2079890722637406188
1176911459378411259
749926674331574852
118046566
455662936592247325
1544364708996046947
1576055359642081500
379637171
1578620577457777140
324709765
497615509524302404
328914086774872485
1756565103174464148
201401351934838925
199259380825687685
1991834282751951267
1432461723520399419
414357536
170628809
125862125
134543100711819685
60145218
680389022046871292
193434000
112337206
50492513
225977337
70607187
337785578
33814810
122794554
627124545376938564
554509264
1991782295500689347
431373247
1431890152710645299
517857100
231406015
587143169
2139532249805344468
277329871
461356867
100811214
124839389
523178761
2266053288835985868
2074812850967277228
380276322
548692895
1366520175363021179
288427893
1576874501780305740
1757744809442131548
1430632845344614339
1238763858898975099
1111377562188297899
29537084
1605584446309101947
475378943
2118524344592765147
135540744283367205
2266684886820650588
19363311
152584825
4666808
157038116
1732010836281930067
121945908
33961886
64075945
1430566637277461059
77507613
113303262
296634451
134498089048807685
1638011247911414460
68206153
552071654843502612
1733548419191984587
681655555186880612
938219770495495812
1947680595488125588
458140436421925565
552627948
510877989
80821307
2014555811910791228
940522200483991852
1433512787203738059
987591821743442299
1497606890587474699
1366489274291394499
327376712853530565
1447027395381791380
562288807036033604
616129150622809892
193807335
243208422832974244
409997611
2204028929644761388
191984410
187045558
191618277
187045032
1668516305610538827
811445162840174772
329708605864065125
1383437244534548860
539648938
1381969420879534300
552201809
1303318791657728539
1496543790168996059
391945305846626845
552903802188541932
552359039
133653156
416795332
134534431
1668030881118629427
508228403
433490573987805164
242849428263226084
430380423
299110259
2268474583949938668
1174867950076958299
1706010068168039100
124936493
1639629360117565340
496336003085953204
65478263
1798939382156197427
81738041
360015788767896172
68657196
2139929022713581188
434254246563231484
1577261898003363620
521223633861453805
1176997755503913299
1433813958866585179
683048610533015652
452555333
141373371
201253344475470205
521188366658852405
176362803
524869341
390456837
516296390
470564843
539910135
428954675
575850761
145811808
1383079327560611420
61490605
712904702710114285
428147801007849052
561397529717131724
746664421088899732
529728160
1449215290711787060
1894896068179835220
1818877773470588468
287799307
504571422
267912972960876645
2014387966308363828
570511393
329689901
1960341188403660860
753341374531507964
1768571602694892260
175789992657967004
329207540903778365
2142745413008540108
1767504751805573180
1371352052154849299
1110186875750205339
681344328411635892
1240096006901648099
1927940055019184667
200749843645609885
456502621133338445
1431951748612782099
649288956243195885
1990380159124942547
1577942862954464980
685688408094216132
1382843151970232500
1896617262229616540
874558624385913172
87481082
984947073617520339
396841652
476304296
229355309
91136952
199830249063737085
233292139
1497980521336248659
212606755
298462595
434734868
183165793
712334489005226565
484955332
176582310581889764
520852812721424005
133798492
495407164
585842398324475965
552374955443658652
315567173
568752902
334762013
340294908
232624032
327923074432272525
1707343970028841140
941981169683771332
810940228924732172
1512036111680952180
578269537
370504534805858244
1704147545518315940
116062567
682199598644579972
1371294411543009179
490345869216080132
460798119
585532887
682761402813735572
369736044196399284
1667773349810269827
1862500228550546067
619935949181591132
617196661352108372
202708717
2268075279554060508
1771000190754027140
746511435113870012
1894579142493337580
199148912887506605
370702835432659084
134482223511783725
2053335347229994587
267584945512617965
2118715523139166227
1573748958486886820
524657672
1498671687407094299
1640554104726743020
240536966424295164
447134254
556020822
586509283069855805
1607441384991592667
2204559854861693108
436740141
2055058325201379187
1831236712869939300
432219443907652204
518471933
238688214
118244739
199492050496477165
171328386
1640088932736338300
681470023391465292
1861272529075458827
1447956620581653260
263785596823967445
345319642
66263729
440687799
1430160353525401859
312595811
309682187
514639181
288913607
2073875699984048388
872847370619502612
1861330188336283227
1690660599309508348
1861138122413068587
681399168468569652
1541330950558282147
456102027420083845
1541139012636868667
938149619685015532
2270664671412768908
692407848153053724
1893732563179448820
51111794
150487940
403155367
552994977
89684785
755840825451915044
2075012550271500068
1116002623964355299
749178939558346612
1045441131595991339
147931860
363628773772746892
2267823286604361748
2055573211339849947
1821570887300578988
107240237
486581685
65979955
43186840
420153978
105143432
529790455
1641197199412909780
1957750353803295140
18052879
1430867606504786019
2011202162120695988
524573966
396342073
407275810
443542375
176517428363782604
66696314
180019458
297831999
448835369
302639349
105378255
231848295
356770428
53537799
361576831964393012
1606784591195577987
1819639269968068948
585132835480070125
489823027745820852
2139897048331767348
1799938928894107747
242730601021220564
1511946725275105420
1637623326855485980
1819575639078719388
488541338875420532
2012017247940313708
2053695816452579947
1383929307782318700
1639866825011169260
1541567714366578707
138978953
108734614
327583800017618885
167974087
132638336
2052315319579270987
471067492
177087840
686790632591509804
1604255043708304987
1510361834943661860
1494800150407587979
2141569952723570628
134403033867454485
370052496615369124
371848456
421240635
523091524
245704776
1242141611490376259
1736444466751685187
187266451
193850951
529763686
231032570
570237557
1240114687870597059
368601853765413084
307244522463566044
648506839232477445
1606200443172098107
108373565
2137826925912383508
229999198
1702655820211292340
447504580
271286380
444770250
369250149
94309432
328166763896859165
497679830062598564
1959250358576608900
561392638241040884
1947532643010715308
1511636623057377060
128599559
1639632090319492860
364585907
259171997
259172581
328223365
72682490
623300874880620404
255945134
1540017990195908627
392725359684430325
191429611
1542137542271684947
1862147459380809307
79370136
1606302350022647387
2267440465249149148
39208834
2117717825421386067
189930827
1446700541725502020
408699866
160388357
410152358
196809459
51689264
303555050676926604
1603798404982079787
1883672099337187348
1541790799126049427
747890356176678732
748532462610993892
1545438769601016507
1604909914420010747
139403317634914325
9208356
168755456
48144793
13564242
110180210
9555278
87122600
65843260
1638925657828812780
1946518094456065708
305214146
1303616133389547819
1495486417994066099
1239421230001121979
1113817802537031339
2054697153356505027
1988909879140815267
424847086524301532
261744231
1604135655590268787
1818524978021757428
2010526950650995388
239894140746123884
2137557885897556068
488850113266880132
237424748
166561190
174848148
469401663
577932629
518706205282063925
144372794
680186502385959292
142721128
119221793
309092274
227606585
66822169
527887147
935967910819274732
548776458
189620622
155336536
1577511935714068980
499490552
2117178159812579467
1894571588627977780
92571642
1832288776738764900
327763239478380925
1738587703829905027
91029970
278926542
1753806466269463108
1637696095506011860
223923117
206022964
810380282390044292
1894823165295584940
193687151
1987697625911861347
118520413
87520530
1756121876302737548
177096685139339084
520590394257762125
1445926208813393860
402811750
571748758
937787173822513012
1733986948139450907
200311313702017645
1496331869119642019
2053948225159712587
1447368080167413340
1446926242976880700
426626407210340892
1543957621516566747
433574750
569219394
1692001503107166428
1769378358786447900
557842100
115229738
538726520
105237765
329061600522840445
1495279556738222579
937348125535690532
1768157717724908300
97005635
307071282
89457125
65254886
240330714904827524
99886402
521220306
413805106
218984332
340563414
1495537511576545659
747352377822994492
560933894120126324
88422049
1671077532691120107
382814033
155017236
84031755
126865719
109572311
169581925
323348395
160927066
25573321
349532550
234438913
59329818
1174663430674175779
420653681
2118723271872688547
939235045668913732
1893643182262733060
1302398088369326019
432809811592443724
1431226285789767819
262465994222126685
201038755
321616355
691172112035314204
55533675
482998928
488421793205768252
1512715874739559100
1863037872121438427
711675452320528165
1691864223612714868
1894620041799567820
1606966988652535707
435594767241120244
334503528
493581033
710622852393601085
136920010
201644005315631205
744296469543841572
1757781852971286388
920906966545397339
1988157459015118627
713365793942493725
1821334187696385988
452628870
1605644969481535307
1960571259983493580
84641220
186320159
102992788
154890604
424540204
167218978
571159124
1431150923757578659
1820666359764000548
553865286808419972
588704261
170747105
1732104200602124627
620343973932142492
623714957446027364
1671526537133129827
2074247132953653068
937910448963981492
1306096525350348939
577912877
542578841
560894387931449884
568407791
1960142698204969660
447895963
713331241974421165
155692624
107922915
1797967065631612747
42420940
1734232919195005227
226717575
131391506
478206174
252229888
1638074515955353540
286653740
171444270
550738608
306471572268939804
520218833141377165
93927466
85407492
391971146
203092298
542142662
226995212
425537949485084572
522791344
1239390154015181379
31965667
130471184
163920085
50479926
2009690507118481068
55517281
396679670
651365539228842765
428702710
1239820861832386619
648051474914145885
425692542334554252
1303995699057858659
938116591149944852
683341209825595492
713517621101348965
1704572418387875780
304377437174974044
483681296
228699613
50116783
377480907
395661039
217526199
425879292
752982798772660044
627570882166769364
744275950219539212
190782963
1990013584448646947
746003054031060572
1895621988763391700
351867514
139859087
115593023
207731311
156262154
197763570
2202117030646591028
98932147
357767111
457883647
281199107
143656379
562694297
711170460661418605
2056680592108454547
1430619660407019299
519622246856935125
647232749104810605
455364376622126725
553837602593267252
553261023837725012
1240205699087719099
1178170350470195299
537741693
336041510
455202720
543808934
1637624594445527100
1304590659114014899
157366893
508906997
322985977
555931988575117452
264908640796800605
623623470284315124
510289672
1767284305514363660
1048794039740856899
1447015535270882060
82827764
1640405683445381620
1734587498024193947
938432876687471332
559862473992116364
1176937680162723619
200694119641012365
65024006
746493356961821052
553971031613919012
132113691
156898801
1702704643781212300
363018617056121492
361282661946519612
1882904293920308788
304980800637343364
105499048
151762071
119578407
576300808
554789272378417852
1895548341016320580
2009897332838985868
584650917
349893306
110091897
1691424103566737308
83360202
130528409
129807971
78592725
31370366
237378296
522365601353017645
2051619708047658547
1860741825996402947
568490489
490119125
175890444983445284
496719754435364684
520155023730469005
1237913224812698139
616974702584348532
1367246878352988099
1882144910235209388
181513197
589519436
199300430644496725
1302984519604193179
1929178147784921387
203479992037750965
1545997895353172187
201346252232300965
439697371
100391323
1302425107640145899
8287419
525360967
1110856859944806699
513488055
295214413
1861281129026449467
558883217
255986544
584649169
712025829361281605
1574824903541954660
1861381422468682027
46686737
11691414
165427315
440158655
318332438
245770226
228981188
205468115
1237949829745162179
1447804429545011780
1638439315998381700
492934048
2055935836600169147
690518047826336324
1734794969138741067
1988147180181230067
1795884000367546587
541351421
491356684357906012
1576690730106808900
649794835708402285
430025601353039572
1945921166293230348
628429559191455924
1899788292331796060
2120581030397780107
1578706289063864500
1386988983305676820
181846386641761964
1639818125149501700
1673412435272900787
628763129456420964
757014902205589844
555385125
874205468132769372
559463454919501484
1175235288541112899
557557330024742772
1515336876764784740
693496350400416324
460360705363707645
565979271576602364
1897821044294891740
365518442357603892
556418202971738052
220568861
746275072310792332
1541568512225906827
746403088095772692
2204076892909641508
617824949609767332
1304360957356943979
33095524
569534530
981635650981304459
2117858249886261387
106530254
168735614
460579220
105153114
524222487202289325
587955475
417281967
306480201609324164
558267049739128612
1898642505570478500
1963933463087360660
16582173
987053039568025659
15007705
270480334
1673236850461073667
1448769144870861220
1513270945341737020
210036745
917870305984686219
919808693143542459
686856175426340884
216745875
579169326
752111713174369964
364558610451648372
571768107
743889372763717852
1672171635610759627
570653283
456456539
501771740
551964732093469052
682021066616390412
478717156
1831593586612542060
415563964
359672876
584616549538945605
1115335316468050459
123620573
35383178
486482637
1574694463600609740
2120341132367434467
1388187994188216620
1545519176141262507
2271195448064995068
1674091745406107387
2118056066860474747
1735237355235668427
1832950394158131980
1575540817449954060
1639731943588915540
2139336612022284948
1988449615581155507
1989529150751018787
1175618348646819779
1755271609944977468
1176170305474713739
329409652438391565
1860761583277232107
555990889
177875592165996964
2058074562272371267
752786837088692204
1115465403900324539
135849969618397845
1114767872315280059
689259572794107684
113853930
207235682
1606014972104737547
1669634004628759067
1111852616719246899
519840883780225005
1799935875272204667
353982613
626383494856874524
2270196681194589828
421343986
756192301128341724
432835155375847004
165511813
1959503845870766060
455151273354163765
140536066002152085
1115588954597099059
1494031764742339019
1244185305545902659
359356649
1112821889545267059
456594785963894445
1607888519606038907
488371727712161892
1817593926353727548
618633074457853852
360235515360019012
394031947
1238101270337034299
1609176618270261587
1244553950138541819
161491448
305801030137984964
490059632796270452
2268691861484515028
1950732524178157868
1707879503199590540
918170081535395819
173222970
1795853827870835347
1951246092210700908
492783302148001732
102013530
92644580
125983365
1861635389898559027
2078405982539379268
514470118
200902899193267965
450070935
163357224
531650670
360827053481480532
288890749
68428815
121191652
1384852642101606180
1515471303382947620
1734828788640575907
514305276
1756407414732976508
2116549362201345787
1303417441508014459
1605664146623254867
1831996274880174460
438089913581553564
200839282850391685
1947926323945913948
240691601461930364
1176504638148762139
1302897127955241739
556271890
553731653867405772
1757224997776437668
555701662063685452
683590268957069452
2074514324848857428
1923883816036938387
136498161037338525
1924576274339832347
2140960567484796628
1769422457181685580
435727874618292924
1175332555214346499
2055799694104178467
2011826504664854108
650579609776789605
873975933806763972
874040126993457612
554657968486531052
621392409961275492
456605511303010605
686818725745364692
2053086458597736467
1174697434023024659
1800144446546485787
412923129
1367784893664963299
200340228333020725
1497959226419026219
561453643120748844
433585572918421764
328399287660755525
563365993
1819214253050196548
515210874
877656982626722132
1115826505592105499
176144363
273911374
1445848537565767300
530480800
340299232
747751729548828932
525606812
1670340981360878187
12964981
1692781077959958228
1052294874778900859
753019385484396324
2012404607803609028
1643818545299322580
363878844477325092
872457707058532212
589173202497787965
1432009829540219259
1368199578098268939
520819670100240565
2267979278152942228
240529887001810604
688089022227216084
455591102
1509644556715652780
394201206588954245
1895800610354760100
1989635840278540587
812077319694016652
920979356488673419
712336629362694645
1368104512520161579
810147156278772132
1831990712498841500
520529621444020445
984136638988441339
1863666243848409627
137484713710926565
1757081490380566468
101482552
2014404578157170788
564541770792105964
1707413802347386740
1771980692704225140
269373843361798365
423418416323080252
185770325
229500175
78643422
1770183619166381700
748723299603156852
1366439730930780699
746334702508245052
1542633115585098307
1383558577566484420
1641237989972634060
1925014709958196987
1882581784300433148
303642407
1948638228676538308
242967199060322484
1241264221949450019
491841513659318292
1833432370657494740
138138009863747365
1543174295697789267
1644055763773757460
345390040
520675790
523586318
439529513
2057636849005047347
588386125736740645
502959285
372395761
1541024846161666507
1576946211799173540
1643814216838584620
1051804092300584899
395732376345544285
582592975710255885
1643653600616745380
1702376278347437780
432114118796682964
2139584990245777188
625409261843339284
1894879518241208660
687656239992285444
201558440010348165
307478223
1770503495610296820
984258826112624539
502121264
1434639699708610099
272137154
1703931642930965060
920387451601786499
456598432420030565
650579353868376085
520529493300660685
430479820325629972
89077434
585692510
231945276
1949049216411311908
1304321994794936139
1949049600786444668
679995525793083772
329062408739621565
563704062746732084
523157742946064205
2271371272239506028
2267114309818195748
1771937481616394860
2078472343596761068
1801918072542261587
715653529273718405
1306610390685173379
1951848294419140428
685253696310936172
233802503
746663161108242892
260690476
1305378118465607219
561372507339658804
714714445095348925
920408416984955099
306357025584708204
585904998435313845
2118941107785186867
329584471122090485
1863457204185960507
458163028258862965
323332340
2054994657358655947
920495515634739219
337483620
181424811932658364
2122013293289218427
349101351
198972075
488101199
2012467719491781148
1513270984546048540
187920755
617378165309776372
521966541618775845
2120584630215569587
1992378721702719387
80432871
523960925
112943181
2270462326268653948
1960287108587755500
1884307996343308828
327204467026560565
232090005
1640029552768625100
533464680
244807710753983004
1706493425235528100
1435647253481113299
2120878313633087147
1989974197641822027
1737380250519626147
481226670
1048710842563676899
1766361151509084300
1821096107094826988
1641007365580338820
1991629710616404707
747074946878943492
1177909041342944819
2116035801069867467
587220777
1242182634692434259
553623695020736652
327617557023442565
124257528
876433540620357532
747037705296044252
425469937482637172
1574178694608742420
1511580288488273460
715483897014708045
442717141
1176507179909867699
294621050
590459798
242002831383148604
371669884694984684
1885976536808705668
2138884107215044548
712200459876972725
646506711111583485
1432737173843937419
618228160892506252
1577199737317815860
1048930446178170499
652091726722812365
584935793577457285
626547945959102044
621832347243999932
652098605321365525
1924196431782494187
1434804567855073619
1673199740958630147
2057335897353535067
681959830912254652
553312220
124053269
239732232585897804
432918944849189324
745739270635691812
1832548843350599860
328255637098870965
180367368651127444
493743089823875252
1692575319885796028
1545181491175333467
2267107641797112148
1304876811163473459
1110357900782089939
628775169498261964
492584672
499077688
499075551
561424680174373524
586012845833631725
616479197036593812
329370932183045965
1049169433748449859
2011206853866324068
1511572558422968340
264305309260826285
625676204424546524
1800523184884933267
922739362351810859
1451623657351055500
588041148156811445
1734571175410024827
489301817551429612
1306886104700897019
918474017523231219
135738192040290125
455909436622752165
874511270659735652
1115802243224442459
873035480180970052
1947709324421746588
565021768994883844
745979929548460292
1575540752991897340
625395147604240684
712873371619027645
39230547
1925581875494944387
681171657150165252
1960030084522261100
1435587898021140099
1836319215370864900
395927469718984845
1990463268168900467
1835749343559752100
176017766930724924
528507378
103808362
304514620873180964
1367727933121996739
628959128051328964
1383890138872780420
204455831
936361601602240052
1704496843804579380
579012581
1756758113455177948
650641522495760725
685053309169611252
1386227158562519380
244769439945120524
1672446497066099187
554764865887240332
66517636
1239277571189852019
127848458
128350730
1949135154389966508
2204907979363749828
1734449111938859147
448444551
434407590
584694251361347805
2268334613910684428
753772042319591604
490763321355497412
553881125890854572
121184889
135385645685786285
370224845939165204
264668135683610285
2120006543446355547
876011831001465612
492204639973015332
1927559412944498947
1733640750248317147
1735101775338303907
1883074989785510308
2267863235787522668
138427263439447885
564504378625644524
1962638887436933860
300608947
1177200076492155619
872502955512226212
1047140272412927739
321177748
1545537077262205307
919951393021962259
136503869071038165
520822868558690125
1241706264015411939
575344293
1449367883624807020
520606648095074845
1387526201457243700
396326356074686205
942067813878853372
693576069005154604
332693355650996165
585277048333420565
262782013032229605
2078982131359634068
692099447271184364
1707528743287019300
1050443975680338539
58279402
589555865
552830940077105732
1669240182596189747
200981996527950045
285911641
1668727084333601427
437726627804759724
586773975
985212937332214499
1578739421664000220
351476304
445014972
1798093610516758787
240222380021336684
1818516095162850868
245989801
919293990223964899
1673652357978206587
1737219883013070947
1706856491113032380
2013559126101413788
134948500
1754636704894476068
10325236
1302005298071275059
1830094161796516140
165429301
1883268517111308068
1047823340743239779
143282126
92495766
49264406
81203156
540907024
367653991861397444
334879064
175916244251469404
1958210935158343740
176259999495460404
1757394697689571828
490950399033066172
370468084379122204
1696358247514206628
755768145227188324
1707612998410250220
396995949
72273093
86366291
26648741
21073147
1112736783201413659
746462579662364412
488064875418939932
135447208
2075676237409189428
2204687309401039068
514549432
415560807
2201646130327891508
318428245
274967547
573085054
1241918690541783419
503013509
2201632258501398828
426677427
2115988711384690987
235696155
2265961088435478508
531002841
2073889656605032308
572556462
808310571249365052
172428370
263294382740527805
1430670853770086379
1769720812085258060
443648853
1387571094662563500
1887528949460430468
2015464768329740268
693673837394397244
1576368519033354220
1372141428951029859
551687891
333392756683392725
1771506325002435340
416713230
1703579400378194700
436507619116386164
456843063585880285
2058344100893503587
628853494832175604
434223722842835004
744316459222454212
2076457498901987268
1896763383948748820
155494270
584769467435362365
1494329296533555819
328476461455735045
873037482265670372
1733314004902842907
874090944136957532
1431680845603890859
987679517232076779
624071596840003124
425415402219159172
1305382451099371419
1239756109775206179
245252476780529804
204373434876463685
1500035814373877619
2205231328726295108
428946209048748812
456300968
1640276988374006540
498020405387782684
1111240565502515099
1111974684490046139
2139171564533793028
168381238
874990925630267412
808076297126859292
1798131606931816147
1800101656713269387
425642763918385172
751443099923564204
536228357
363240941
812605292253478572
266910548950308405
1671206136993906707
1822791637823726028
713311271484750125
1737046387559272227
492651785954537612
1951262965196955588
986738157497272459
297011143
1732950897765818427
214897653
428553789897592812
2143799578186538828
1446519338235279020
243755861808421604
535815406
577712040
244202616527038244
522888295
1736262370814312627
1500811963807180339
1887302237069733948
1899983506996828620
1604600224623792827
2270264672625553348
648960689468136085
370823182188938924
1449089113447680740
1799165551216796107
1049192912984422499
450092748
1303652576815463179
1448010655633418260
587843524
1496527852444109339
244650728515222204
1929378486070263347
228519608
296310963
715282690843941045
427597208
1514162223000156900
446930998
286201432
1573264092511692700
280723419
682065493444308652
1446020009008445700
1798878399346680507
437179120997054204
203826385578973005
68847813
1705598914262353780
1574517011644426860
1829677019929630740
1112599509784053299
240314062389315564
512751484
649570258678504205
423243807
1864532016385814587
491767042986586772
1897300024868014140
1834826704867830420
1949364048236002868
810025901135655452
1692423916256554588
1834558763562465580
331137313260140165
549087121
339578245
1383350642562303540
202065533226379205
176303723163572044
923053867010918459
1961924179253114660
367876357809178364
582639266553084565
1769040080127887780
2269872138036564068
427427045604872452
1959524956998564100
2119101550158164427
426052060328435772
713234607101302485
1960516609317816060
177939067210860484
651445065694295965
495744161
2142526766876131068
139287022694139965
2013117113466666828
137009180894459445
2141720365521563188
629339089050835444
460435551044040925
1575278306224548020
1821357204743999548
421727318
502285156
941829639113736492
365862123540242572
489077501630267012
1434417202609817659
458460484746144005
1886211387426439948
757624113542948604
521734269397899645
2121599260505489187
1691473779569636108
1046875580404315899
1755249098560094828
1670034994913088067
1371867859039057739
1639696723526011220
1638034560664812300
264646726645316045
1447968694067190220
590644060
395956817263520525
264536647534578325
1797869057340428347
1897988761247283140
458688067
1800494376343666707
1737150541557116547
434422455
649878009493899645
463911068
555016292238119132
1051952983309076619
1832742712578570580
2206875891755040348
1796732085096071347
1513118563379988980
303651979874945084
1051345002864896259
265422891701848245
330792098
1643586735094835340
693478551931992484
1737435124655238907
628439939149400844
1111628593445631939
239498377814739204
1800974097779601507
1242642546859776499
686252429164368492
1447580410582538980
332795242514684085
2057773774271274987
362052981069177532
180351051768325764
1823403939336982748
1576084472893594140
50728805
753368116030510844
383009645
181525492564261124
279326207
1176939342218537139
1893908177132677700
753493134971848284
531366048
1959710322023126900
1882551467379499228
568499210
568492613
521774155085953005
626605476555679404
2267720041044042188
456318479
379923676
287744815
1988123623477895107
555483025
1510902342419875660
394424284568029325
577929943
136013301309364845
139903960821929965
2207657273265717428
1800322766917603907
1578232418956933300
752571358064626404
808094151481331852
454548061231172125
242350283183970924
1305174568157091579
369284917862898324
360151389498213012
517481680
548965213
513272357
166881876
1302383670212536019
306136618553678204
684655252605877812
309744471739296004
627024265000168204
369090785836673324
1989402613774942387
512986029
1113154953173084619
266805932310002245
2075949119427842508
1767606494440969980
1766187185225492820
924157699091691779
587885258030045085
395941158142880005
1175657390461716699
565701885738605004
716395535908521965
1823292142751776428
923884248578325219
488027437
2076709455332979228
2143108335891878268
459952327185803285
2075012725432517108
2122154188543336667
1928095031509659307
1448217600622397300
270544375
425267841104145972
302859190
302862451
1115030071612855979
1950802923158254268
1434480572595742819
1882560024564358868
386343298
1112246775250114459
1757423698068840628
308339381213804324
1962386060728309820
1695210653221347108
685578121095401132
1963516704651704220
1498405521444751499
982635150417623539
142975646
1883188935023566468
137720271571953445
303684212455553724
809425884135186092
2206605361347269108
1609360595194318427
493555450956501252
1579765339826247460
328561690
1544214162152522147
2203863905563475588
318598818
1367328401921014219
1368147223271474979
183555958
684769465335509212
1243617984616581459
181247917941827924
1052806765020907179
161891245
2121908399730434267
565252919307721004
264487072229545885
366014011907633492
987700783616665459
395346211724540605
986898133508986819
561366345
307472425
1542872407826547267
2140238250748715508
812258191394968012
128845134
1736682395940220667
808978466050220252
245115433490684364
182238172364048564
1371848953857812739
1175346553656310059
746953027501556452
1672958657597063947
467753399
246160212876375964
1608520520856384107
245683094832256884
2080037586732024508
1371622642263910459
1371581749018122099
942430214930481212
539935358
285179879
167463107
555196955633017292
1365830787556362099
78033867
877600673866842852
199256002
572743417
189791071
621251286070567172
1051965211970775339
752803783595341524
754351143137081524
564869822977399284
1733029886417563947
1992325134921904027
684399578214449732
141152025
2052653929452392067
497218670435498764
1896966195284981620
390397703806182965
2057512313501483707
1733531339533836947
1887703569963860188
2117976901101252227
1179680649717361019
308224100274796084
395253925030139685
937847452351434852
1988786661712355907
1962439526912153620
2141888532430266588
559443906134472764
982675126777825979
1926275437688701427
544766674
1368295457734031219
358638551
1989605565202607907
426507246308217172
937529170271855132
432040042266855644
265540423372069005
392161643910089365
179531417681475444
1609966676638281467
621573898016652972
752278525002634844
920146374918153779
2015514226685185708
1690280717970055228
1949893553403240628
755785904256989644
427162450153603372
539180052
985838149062359019
1240740124965611739
1757790715541454908
578880650
208500527
2053807602697883187
679958405218988532
454468878668478365
178614565
113834603
1924002032998473987
161644178
362611392
231585881
82220345
232012154
919111933322742259
369406146986686884
1386590363184076940
170610871
140362419
1670633002328301347
240148663011908044
273816953
299928594
48336538
517020137
421353568
877508414882804412
2076847497383252348
141401558
581555366
1817704150376337948
556290507429958292
1575179843267717220
985479665483847259
561498290
552112334211203532
500997120
1433517924332226139
1176531429112309619
811811503254925892
1494559847225641299
168737643
18561731
105812092
161553933
101814247
186358958
200361184
1243212412389857499
459607088720123445
1799965636318383947
876669172674977412
2143646372535574228
1578924313242347140
256464025
252878357
146725922
582515053
106397546
208529712
244648980
683336193647214572
264170671373891125
1946180057071177588
1754075434003714788
984659296116418299
682630234630090732
618757909275922892
2267814613602931308
230758831
138589735011068285
1768229521068902580
756086798497777524
1114606632179988819
1578901511719864860
1513918315064678460
117510193
560897493931137644
2143065802938482628
2266869433846018188
392878820565919565
1176498587850537659
1992132496189022867
937994206621048612
139140157243521045
1768555412743322060
874813928967360132
1242864744053401899
1694935226378047428
172223902
558856270666020484
348743502
78392658
535467395
126680532
305677783821687124
1946379786621595228
88215179
1304007998423910139
1769307952291379220
1639735924490475860
370990864256845724
432503258913962724
1927162636516467107
752437224282159764
209758996
582843441764030965
166112561
1689740198454611708
288245808
563264284
330501285
75726252
140057885
1111552161299486939
1574929223792896540
1575899804133386540
1575699837788989940
520691732688697645
2053729873748225667
1239330611115510299
1046175344692214539
395431454469515645
1609948274533470107
1693214158106308428
323802485
1639229901659945380
235198136
110062285
2053587453715079507
161056452
1859793811788279747
1859093645760094507
339540633
365806055
418487491
920564433842657419
1543996262323540587
1447186947948431860
155355962
523115409
139976929
1431408049604781979
1701898446886472100
627561691222780484
753331971419592644
1241154783235205539
424189254832403092
2077859061556666948
2053486328305717227
813352620406137452
2265580958399910628
213510181
1924113555853304227
1371148161194690419
936586526734733612
587833314009913485
1371449031152568259
