579170943
2052664704969125427
744466597999809132
1702372158225582060
2052566309347503827
1047360308851640459
1639046589452810660
306871349638294244
428118484651896972
2013044771160936428
1241328223393290699
457027758309300885
263015167260432045
550305057
1497351015280179779
304314789542345484
1703034823544432540
1372623144630958539
1771945860429342940
330056943528310445
526765754
755361487565646164
1755749552834428508
1753898337415138908
2202466499347181268
1668142235639390427
522813970361227805
589332170
290513627
541953040
101553708
687489433842367244
578521619
519615820729001525
418709696
938893850490970292
338979427
492636710
198756103385504245
711721116261689125
919807566898064019
1239360172262778819
713117338360633965
753936628809509204
423872376
618582344207388492
649529704444873125
1768979492918281860
1175856441133803499
454283530
1446172359338649340
32512434
1987289001021698587
230861475
136264208977680925
584158411270007005
1925325880834756747
1431733870841252019
309659881851787764
1885643478202175108
137784029781490325
267904951048546245
16064784
141913050
1052237931554089299
2053112343823270467
1821522909043192508
625287636133238604
1799297317367246827
937720551038943772
1961728036664534580
1176837729568142979
30209216
1990316158877933187
1304818288677243659
18031015
683146393902354452
497849400
65850468
73181063
517390537
1817560555162349188
1669896926885102107
307422802943964844
266618637380654885
560495928826026204
266344309986392205
2139654289009615468
2054750029064921307
1733079727561556107
159918771
179131686
204808982
1673090519531614987
493945525099467212
524116261890628245
2011873950953279188
140338358252017605
586654691337386365
140780174
522135412812478725
293426951
1302787221434009939
519517740950206525
366848069702807852
2121592845700886267
746859104721007132
492286540178317572
525493183
524864853834450525
60909809
623619638386776804
77177291
160346927
193655337
1831352942135347460
35863761
80334402
280254884
1115545960536095339
361230194
520938218
525911302
1381007669523302140
1822595771911814748
448883344
258741510
203014040
229119249
242665448
48319068
265474764591642885
306462979444906724
554762713108016812
1048922160531425659
589917158
1574967195577887300
1924131600408055827
755082213057541684
546190002
125416212
618546641197494812
56913829
134436130977593405
51133170
186810889
472400731
249449316
1368452867678177779
434079125979387524
1946534052843983068
327499187895159205
1731790493326000747
199600211
1961178817479690900
552604201
1449771648754636700
1924278029342629507
1603712803136729067
89381734
91056007
1540844559201087627
257607491
146999572
120308709
210674617
208173552
690149671569189444
1882522141300993828
391197910089856605
1385199136093521500
517874800
345814810
577013383
690920301471934044
494347858
84990882
561730264261146884
181299316
1638012266842266260
628788976717564084
872593032554483612
77346844
1431879581530552099
710390659906996085
488261436685750172
219071575
1513622449465845980
536645730
477097423
369291505377716364
1703135446177925460
1766928187253340340
1111774075956418819
241782806396749484
2011769647421779588
712657081324324685
2075463055129304988
923314743598212859
1497100422552790619
2118526703816900507
479749820
454604191825762765
749135450948103772
587041317512423325
308297028719212244
555401700392395412
561823554
1639576414442976940
1433054191434659779
617158925403677292
1821327972730954068
1799753870919324387
1703502484152064460
433860865286682324
584627968
390857218656774165
560938684
501042368
1175027946107627659
2117846906742325707
1702587164932844180
1924483596764643507
1862608970552148307
1603778531659625187
377226915
1607503797848691147
1925428033283392227
163384447
246841015
542260448
251687393
372666843
1302003225942804859
144692927
183779341
250919759
130046559
488341221061477012
982505154278042139
132481965
873875189732052772
1822460323640372868
1703891039088957620
625959918431073924
181652230
149470019
186948470
172409123
410852037
228124364
162963686
1755369203081454308
500609414
427204580187021572
1754214152321078028
554509933
177994691
191290357
748878259001577572
1367918767785174619
1369325721009838019
154159119
1731987615743459747
691601609099291084
99979141
66828157
367681915399092964
1177344243259135779
1960838853450024540
1368923107572889219
503764487
500484854122973324
524315204829374445
2271619826962915028
1384716860946483580
623429036023732764
164394402
425127542074417612
1383013817305691740
563491903
459021604036163925
809345660296241172
1304577196304968299
2267918577567838508
284202802
1307261861679175859
937832474155691852
368806932866935204
745591110980636292
458432862376310445
520490593985685165
390900173493643365
372922284723574324
554124654080294612
475176551
164511730
376233124
1883436707303272388
2117126053684379307
712363052973841045
369590062779521204
556333805622771532
617765099421233092
388251650
982266558113372939
278248553
187766800
334174320
1240127730629048499
1432407957208442699
312608277
245532025
152673723
745987675285819132
1513447858023741060
339247744
1240107317486766819
938673748503252972
463752278
1820542867698106908
199672024492591125
304061070
61590214
142451431
183953484
203706648
174500306
187117953
141244379
1510860952887572180
1835136858662000540
309541500
359355795561029812
395536519674784005
370345564
526986492
647956447691126365
262503837707966325
553821823
279475843
488451643992912172
872337910924030292
60136117
561853614903281804
331585841
101368138
446507541
246041063
210462972
394059965
362329550332465932
470390238
192359336
650930503182875125
84039812
808705802258870972
561647543591655804
1945708245817049788
150349128
133014280
189590035
615985025010511572
2201916971698986548
248248382
87880033
217080332
2201891888913891588
1366083326780897259
874121993929654132
376381045
683964239352144332
499548695008181004
1175611718501140259
589072047
172099777
332517213145893565
1947075378386997508
2269093669371875188
169801761
92837903
164411317
588132204
686091397341662812
983137231566101099
1576739409315747460
2269819375654494788
319053247
276258683
103910536
106606254
294605332
247811328
258019696
101658682
146152648
266932834733246325
1579152210089420380
693491924683372244
1958992463183226700
1989772496208335307
328893232608713045
683734062198690292
1306158182825011419
583648782770488925
465190422
681043895963615412
480386673
126295575
445778562
368895588
165413909
511170687
145287457
584912558791993965
435567286413788844
1797647047951638267
1173918089469204219
620114059525168972
711769764368389765
1177857970107525499
500276064
489905279871987852
939898193528758372
455079865509915165
679965718375411612
518538792067569485
688357510951655564
223548984
239396575
258965646
248300181
273958196
241750164
714346542285194965
616360747877630612
450416872
1238014968255518419
2055360446817271587
89225114
127504975
161955376
115845800
31727730
475265309
214450647
1510374815590635340
89204895
936951212681060132
564427454
201825780699531285
2117541271382089547
1798003109327290307
362880759504269532
681470954532688572
2118239591516828387
135655190481761845
689735265747339164
2010011724416135748
370815335
1381950252768512100
306665927
508250420
688447171002599764
1946055774212927108
1859638238664122227
215502440
682072288423452612
63551508
97212469
137909608
1494193316487875099
1367063711745033899
220321608
576178913
168597465
1990791584172884027
1430836258324305859
2073648073223241348
1540086394144104947
109817314
112009630
124909634
147949503
583041064
216618132
1732360310249033667
97041143
275825719
111450923
67641080
1050031782341499059
1111781223589304779
588677407
370074777906550764
138924726
239767532163835924
1833226662878484740
1798576044837203787
521995300412380925
156607591
434191443
130118066
197733719
1732674509990370907
2269966150616302108
266148960
362579031
2055412378066690387
692366528702224804
583975609015117925
1691932749213974548
1178563008084716059
1499775214377645819
373452600131365564
435329939147413204
1950439451739209828
564237547839781244
1887033561209048748
1450803921878456620
1951234913650085748
331547819520108125
1823796476600209508
557045643307098812
1643258361903954060
442806420
1732406006834946187
170695905
522053257667897325
1885572516287767268
1574317569594173860
2053803712358657947
1831531354619872820
1862699316370853627
430209123499302452
523042999419705645
1705102575336171060
2057943512686502507
1447120366613350540
1884987290184368388
1180149306266142819
1579916727559280180
2056990788041863667
936719941817310932
1696466887861423788
1672274898675724347
437122538096789884
744687383119613532
395977257988388605
390177739
424498219
1668845070619435787
559606284886452644
495657803
165813835
514503368
436631136142117124
180604064832251964
523896856410814005
1179230761543690099
391854469
1111813873627637859
401231665
494982716410865524
584586793
538936273
259983532
2205690899301593028
2013506062433293028
1735891834170298947
1497015815154657979
685034915729682212
1387922427566541500
1115862747219793739
693112907414021684
750071635185139412
329155813676242845
489042247
65794487
144641164
1606193085370257547
1757852248717140668
137093757
584956575763339925
233804786
1609533082068922147
494112668864745372
263440430119492285
1382695692338431820
263107426186902005
1430676229334189619
1302554279380900419
104232569
139005756
477640722
141611433
525104321
236534039
270103223
486587959
259448066
524520999
1499686970734519899
1758088421924650588
1497946221308774819
1048747188098018059
268143532957988645
2013793837719708388
154804052
95712110
1237996448648878459
1796380451952324867
1962986412215982020
159427366
567032779
1830878399831664300
176019410478414084
542926164
1604130612349923347
137961213764286365
1896281566451087540
1383208676576777980
2052728835177730347
308527749501323684
192123342
1691002891258932948
2073798938404220748
518311629381945685
500854288
572513136
437209535257196764
437462773255890804
2079248384352841308
1865788265464393667
459704132730907325
749370746776789692
373527904923941604
1929642266085920587
140349252877687205
1242740803141683499
874498567393431612
1435074689283451419
242090320
230512510
1431001785532487699
18152377
239279956
744851581731930692
688228075379390764
1924232534685155627
105990419
341890464
219290465
105147625
744054761181049212
223632877
207897056
1451829332815473060
580022148
524701807
1603809099303866587
333331724
585648547603708285
520234786256063165
1701653160486390420
454460147361777925
478491664
710623215429433165
648209471863323125
479767883
560002940905477964
475826380
1896550972578028180
272129144
1109954475837470379
649494162381236285
393249692629305285
1819296684746313628
480008882
810123113336410252
302882326
1668792670215119267
1945857016246100308
405754227
158062896
308800271
588253680
368463783236511964
454421655179393565
1669384554102223187
1861074081631347427
560530925321549724
1671212143922351787
1758370376883335068
813378323914227532
19582694
5083090
98256187
90119752
187425706
1894178274178078700
200987853127010885
2052073891985481787
2010179627191677388
44028101
113409010
77311030
35942033
75050119
285145315
54428087
540840117
151934350
238890489
1893890436775454780
24761759
367747734834755484
52870989
28979058
57580519
122672242
278310244
195765950
538613970
166693065
615969025176665732
1829834712682383060
982286258555954939
231964428
53231676
549672014
518955124889094285
936244013410599452
250009970
214589787
1960827740580096100
1928454146402419467
1368114510620518939
372070341710670084
315359826
583557611954222685
391881176351607405
1946020620876217948
262156278
260769337
261708561
262115819
1829611659906263220
83937174
1435787183205897819
56948421
753732017584215604
1642875002763336180
427645605302710812
557176417963036292
1573706370884946700
2271750459589521828
1753587407330254828
431524890882586964
67267987
167649375
1755538952839221908
555726815
493287757402222652
1822498769582584108
202951381133379645
367781767
1174220405008435739
518830038
982592045659391739
577838914
91994727
681886439125327572
1606543442159546027
1605973673771020867
1962646184113694460
1822074813093326588
563360181296543564
812565593794117372
1048372164667238379
627727767062185524
390414345512392845
1431183903965337539
2138365536401133868
585625442
449173391
1833353489381243220
455326492143807045
620222481766899972
170559814
114591767
201747642
98835537
510162203
145009196
166821343
190792339
89962706
136138954
588412476
280274670
1366440083135621259
2056480068218011467
445874665
2203608400524607068
365208804152410012
2074437686579622588
1733074301441732627
523145351
1949550483180412708
1447343369093109820
1047755149102521099
2116529661107663467
417141693
1884315865480306468
271005199
1693248443731324508
436610680
456251911
241836942227503364
1800024003189260347
754086690508212244
1448075155111557820
441535577
392205601842735765
580414949
583809030935927165
710883949655762485
1893716546896885380
1701760870285629180
1894672293386761980
1046133942390220979
244034858
28868303
507660886
177081144
495377117004826724
168509670
139208271
162639862
1991514727402938347
1947379904462286548
385654216
301535959
124798518
207259579
687238635543762764
286646302
744728070083408132
179887079
102432137
232622489
29099631
257717543
241396918903383804
1988069072191356587
246626381
438604479
537872826
482076382
2118847420365979347
497609553376262724
470783435
524466237
527072392
2207954270926696068
297326838
224601880
98745487
390543459841112525
109078515
562638467
303963850284693044
288696137
1494251934983915739
349423709
1797194913170689667
1797870483858546987
688482459688023644
1432125869348607579
617515453208072612
1382171888847452140
1387873446402180820
1959733343420734220
874773692566228812
1514660561620838780
1707412641755248900
921850372624947819
562980480253712644
531103597
1861841581467456187
1497938978816645019
263627278759655485
199043829563663965
811707493933269372
1516388313321687500
1432788470346066179
268651647673801205
578834682
1386493894258083660
1963010226949437140
813151183901662772
110540878
207053059
2012145851158806308
1833207810071070380
809468577223442252
583474615
532574004
1897325298827110020
1238993059782420819
425642490435673972
684153849589686932
626573393595991764
177496365867752084
305877885940025884
392901797
749306361565069412
1436084935763282459
757303752244394164
1899459196310435420
180908825
188302144
479976607
1603690382101106507
175539174
1609320431141716347
1371018926287534859
327445081248733845
132738819
205294142
2268999544872849228
1608259764321046387
493962183753818532
1832611641132124260
1951636981754462148
874836760672387332
622277087072960052
262081585
118954738
65440889
508153378
1927211016159940427
1046105304890091139
274092226
1894287290164254460
713270175560300325
1543560551450595907
390314242622080605
555014590322061052
80696398
1894523702901340860
1861726048944263507
234633855
499768745
1862330635774067227
1643438100503070820
1304645054137723139
1387114685115177580
922320735655229979
918842119018834659
1176185474915645259
470259318
1930209485025681227
455914909087012565
1387978862878094940
455688301946865645
1499792851242014819
180256597
201020948
200198592887588725
685180284679339572
165509125
1496803989154661939
920980214109460859
752659133938202684
107036133
158988675
196283380
86952736
57771665
124079031
65147090
107916785
220752306
982880315072522779
158134371
328088911603226325
201970385
444777601
57937967
226290133
162774408
110720619
1947642575815302868
1884740487467799308
433259285
1451962192086312580
180855562446424804
555001878101922532
513851962
89433951
1433213636416788939
2073030224252182148
276880072
200159672974875405
588706996
179628842
298932669
214285719
202121881141336165
1831603047337993780
168992961
159905639
140162845
754706272159422404
751379355645302724
1959841483642010380
393963829398738645
745970163225280332
462625902
1511350849727170140
682480216885399492
179456828969867724
172124818
512717364
1859621456772866787
140885597
492192395
85615333
1882090060806626948
647252046169729765
553392331554946972
130235660
1511313563006577060
1540916761506562667
562351174692829724
552977201160077572
369614027911829404
1735229255205532427
314626333
424142793
260281487
1831811312173987540
326756969313327805
2206748018544938948
1579639145087232380
748397088064581892
812923570087391252
1307754362474116739
2117708329734443067
1500423916629268779
691135596088981164
306358239
1671877136805675747
1369514125257472379
586767821
629265462430972284
1952426411151187788
580379676
1863643776455221827
2206913065015471868
2014130811231899348
73115639
122454699
1637615411341793180
490689656948334692
572006348
583527950833383285
712285040228686525
529386443
394729091675388045
1542928079093751587
213993002
493653132829908652
2012474004383653788
136218507384223405
584897340317599925
578458496
1766177096337664220
159456007
212405985
247096925
262729750605277845
217616772
1539827702888542667
1885671386576314668
744120567514817292
185301235
311841029
231070922
1946291545761661228
41526331
1860800755683360467
556010044
1385233787562363300
1990452066607239707
239933645357595124
415010518
940512924879962852
334244950
53924995
1383477258502462180
204641409
10624879
116186075
494074409
518577493
1958839456557885460
481238715
1893770072142777020
204573590
230386676
292088608
559216815
1691245234059091708
1604934320834982507
424216197796708172
1668017531356090867
581212094
320829595
616026615805018332
1511162969003366140
78519525
1882528451061198948
2054025708078788507
940286649744597132
1832930361536173780
682629673775050372
755334244317804764
179721911627945724
434832189886019764
183525064
364247895385588092
193000369
183524590
1734748503296012547
1819762540748198308
203384304
186540271
201945074
1447054692623841940
579946680
1859806223810224667
224928240
1045832190933760019
202907728
177127592784308844
1370080277653023019
747879460860240132
1640289755432068700
1824046351970746388
298111897
1303040162943191299
263598700003108445
55151955
389627023
235830876
235808455
125650805
90738939
394043624
1894070612561009060
616016075155648052
559716428199491844
1957952575662397860
180351876
214015355
311373874
1511666551171819540
310986975
1668416847520350027
288629275
262531783439898445
162149283
107073303
646865867901795085
711091082708055725
874466833430802412
1432424766503946219
937516712560320052
520680222920935325
2053007408408793307
985313007728281459
1734180340683911067
370719654044964844
1771307281298586220
1733735606724763667
877998315915148972
562561044361672684
436517953883244164
2054202476791247107
1112796836854630619
430282764189417532
555506871346082252
1899621542195885940
811664201888571212
242537448842368764
1796154058081660467
437606998017809004
1178109317861038619
458105673880848725
430872037
167848926
501978866
60488689
403441042
103463108
2056005879393824867
246553147
2138197070913446028
322577450
1668456534356389827
1178172413931181899
2202530514725470868
367329464
367323897
118578634
2115478363450482987
809495112093908652
265128544
646883212907485285
744471083992175052
164726420
1766067147561667220
176089448
808083528548483012
487473512
228641565
1795731732736012867
447489818
1546165224848273147
333437515
549079631
246080350
583579749
983572114361272219
809742781748069092
2012179495803445268
456313261670508485
64861964
391028309
391783091
1174256043914599099
1987979937935270227
256252283
426671237
1494805310736046179
154977124
1540516353356095987
132171548
177462605076302044
561166178190526244
64012327
228236022
581456132
1493847396090931139
426928627
266900369
174599479
373717762
35325800
520818124797569325
193748836
1755502943288557908
1734570806727753427
1671052009542300267
1575637697099499780
135140273426581885
1382331718360668940
488681627985784572
400702589
326390621716690725
2202788523340197908
498831301828778524
1496577987858647059
394155599
1240690150187366019
240923155202135844
467898630
467899664
551545031
1111675433076992259
318359770
201899420
550193706
429330346
415720373
289769300
147371259
1449120882113669220
446727039
417691339
12235936
12238148
54480016
64967316
161336438
1818120780885373628
559525744207674044
485011386
13638092
1173871594105211259
322734019
210093632
1446556290270238420
244132151
279666296
304031832357402524
199659831
135407218
302164142
18367975
16988524
140357091
127470945
1669787015909797627
648635576732207805
495516501484387044
515259706
982463099184834739
256617769
204760143
73399801
282664702
872439250889101732
52892136
72845997
1946999975280509268
143680657
1432484206035793699
1859612406532641387
425907572691403092
1545701882389106827
1174481833302211339
1990490321131696187
467106684
807992224309563292
1366205900982753659
1767943367772866700
1692458070827143628
202763618475588125
362475257194934772
687936284091705964
1961585774904514220
538580975
308093677
1766907570014095340
163717342
1689900995629314788
615894878632722812
2073727664836865828
1668446796616593707
326430965750912645
2201806284648481388
91480229
12925545
877399290360533572
1796797200712019587
1371349527479757459
1734683117023224347
245553714745350044
127522517
452597301
566165822281304804
1818051560529932108
625211007864899564
283473165
21516707
351224100
753779987409906244
91727297
203413090
457635623411226845
520982836551952005
1832797843237140700
1923614548039672507
330835385203452085
1800063284599226667
391438020032703245
391763501809137245
202477071874361485
2141359064587767908
985153581371258659
984440049806367099
1302816933042923299
554802073113137692
1961959574438697060
649832229565712285
545752498
574280553
521362959710992165
1947633300337635828
941720673183157892
1498876626290944099
2014638031741738708
557705997868572532
1498581664499067259
395770138130847325
1451815343634339780
691895907765315524
1497227649970739099
1756966195785002548
2011286804185570908
340456857
939968662113432092
1242734331552819739
1800268431402898067
306819120942373564
530469242
1923724780114997427
328293707
438965646
1693012729293529148
428004762301284292
497007342882657884
628750894870861764
143440757
171542131
457910346936715405
453071994
569639792
466389144
405527456
488103284
480399343
177562993
168945919
255040266
176871862
255040461
183326372
1430331885739284779
687739834524965644
199644988392823085
141829767
306142899
681803225947942692
553983931
240157632989743444
491396013183311452
535489332
542090760
581887979
2052567093712907867
2013708939196633708
1637743220671212060
343886811
2202842024339264028
130912894
230015540
252730244
139988642
292452666
191477200
223348217
253154108
2053903445123718867
24109178
1703278027056445220
1895336132961843620
1046336488802969299
542402463
2052160443955704067
214374137
254402408
73132067
326934418066745485
239732514483390924
134614174983481765
582777441332107645
546264063
1302766132133632779
711196446557026805
1703413622954669860
1606995441164177507
329662074243262845
497487491315267444
619007358991614252
1113080606514431979
2205931319937609308
200551324864149405
713840251090867765
1859795508131975307
710705154470365885
126114970
646601142593337565
1821008547451260868
427366768
1958154779105495180
368743507831773484
2009858158586708708
128409601
216372917
1988323715934466427
646501552540023365
158717035
1046533671981393979
570634428
176458100
167174316
271924675
353862272
91852161
202751328
564123162436962884
564025627780102324
2078363084014031428
1370652037447731619
1116485218109327979
1306646087370025099
2120217665736122267
2080459554148364988
618179393894387532
164357974
131249140
119439611
649728091049887365
1511337640882002340
391082126
92351486
469814583
1817743852144017548
2266028128465748628
231838770
211867658
264588381
263181748988688205
396447878126803125
689605517536610844
316674418
1576286264795065060
4807856
2139800332081881028
1987671094775718147
478877843
687529449873045684
90414897
34652800
437704161898584084
2269662512784559948
1541181719610585627
588780761
1110668475143341859
647606385797392005
234841870
647409131933538325
1174908320909343139
495623175678060684
264426260577594045
1540960157632687747
563610244459956684
161337457
938308593028207052
433744542950753844
263474407611049565
483089510
2202699618340159468
240218463398590804
921007567204546179
1988216207859089307
393559962980091605
1830783143033006420
1574686794195671660
543023206
2137935315107954468
499050814155168244
27284593
582315427809900205
499035258
1429964433738229299
303285355
246395166
50248568
128585275
34944252
1690191435144245788
322378462
487882362407330372
1366212113430456179
140682713425967085
941641199003185252
588471165682715125
2057412380861391427
204315038719002165
2270512460412223428
2074416165673975548
138986511479813725
372733755551422084
1706901468995737700
694352650448758804
332818729841281685
179761474618231164
1510261379350825260
132687258
385302162
135644535
303716367
1959105210285578700
683654333748109492
590949952
1367411320708003379
2266763541801914628
340990015
213509705
278183434
1992235978469818267
2142464898328834148
919109863797934579
716650559384480365
461689854
1894919806826506660
1371629311639910659
744683321678467092
712480530022529245
1049758299439400939
648347491639241085
585152941400336085
923161624123156699
572576353
235824297
121659742
461897592
936340245163795132
454908962
70569209
126938329
98645704
1795773764363153347
349500017
1048140577796147939
181977611
2268514913540702268
2266694916878819628
578516495
9826929
237691741
75845234
7864197
5343541
113147421
2065746
451299655
55318274
97907407
193428865
90657480
808008558918459772
588960735
131048716
180086989
2054332839249134267
1606208639484817427
984354321246321219
345456605
431479193
681896214963863132
1670761195787522027
1639846170384209540
203008517
187392318
175489560
246588863
158055745
568973535
122158002
1510373286829804180
1896616892238776220
239857053771311644
36698028
1540845310568481427
371931645
265850592251357685
306838743100873244
936070825382571572
648213203314367125
176751676807276444
117624582
140303862
152359488
119777700
1304444642434938579
504159683
1769779591843031660
262862885566962445
561077418575570644
445200171
241150363089455884
1511468247748863820
1496840510431181219
1992040459720859467
1238483568607262539
624703913545529804
1947610434350501748
1821153039097478868
1670670139414294947
757035946318301364
1859938791609724867
1608195889908256427
683817609577623492
201601895895865925
205104353509689645
373600968449029884
94309981
1800718302289830427
745699973068153132
1383773335421491700
1047202616976967499
405741228
623176594624886924
1372512412051240619
522218670532635125
1866011542840598867
242569473508911644
1244550715818342379
61893972
558531399862362092
1704462083680593540
1546537163744145507
1767946638179911500
1114173180617943539
1671280232059997947
116358517
201011907
937849456347963012
496598072076376764
1367779648201636299
587186174822488165
1831695427364874460
1434573607656786659
1540558066573283867
332215897658640685
685559338591874892
1886426667335958988
1431865692362209819
1703063482115839980
30098376
1384070454097807380
584579996
302090606
259448553
554102934370783372
1447513690915646020
216780695
433598164250814004
115159226
501656217
1576212585913251900
2206285100332781268
327355200689608325
143512833
743866951184064732
115310623
239388921
332863397065652085
1865875087998025427
557761991
535490760
152732559
520552670454625925
197517439
586728854517274845
1923670261217477027
752902334099851924
1896574865654241340
1733085523578011547
425472667
554399209
1886286660707914508
681527916801053132
1947700914211114988
1832832749212641540
393621213952661285
1769400385584712220
393629717576791725
2269362803252973788
2269843788928217228
498679747444128044
456747907369540365
1046691145953393299
428369057741504452
1696329434616066388
53896894
810109392486203052
1637634716969093140
205746838
712110274846255605
1446755299522611700
179714823958985444
1895999012855020020
60546600
149016181
417125543
283600197
283601316
2054090592881634907
1494277672636262979
360851825
55465960
585692993
447090071
538860335
682053900353319412
1796025573225975507
1493957859465492659
624213451863067164
391759248517065005
1767075909199042260
1704137510392821820
1639960820756183100
808548624124116812
2272170800050966708
361426008184655852
394517024259754445
552037413694349092
489209248196063012
872160972817518452
306291266004834004
1175993033714596299
681069013137251972
1863442185492923107
692720041922770844
457411137174656645
2012383079118061588
1178510148841646859
983929634264914379
1368865476431780459
712416167917451405
180156506383734644
942864399791194812
577675705
104559499
682119893323969252
2139404585744765188
1180100298805544659
688653241580283764
1768742404616858220
753580412781901764
1435777083265628379
520877446
1929654771176973067
581829265
1705300250361559020
874603116168241452
557281399
577387098
429908622
56879663
173530349
399766135
465294368
554274202807488732
757393800493472044
1801955177489481707
877902636821225812
1112372555309292219
497670986709899004
2076573183062642788
682986066200727492
1768176474235524780
1430454374134507219
1823005158476299988
629037601148626964
1579196155805317300
1607722268513415507
433628675950864364
1435835046496266379
123014751
878132857628127332
712805930219669805
563154047
1240252882654751499
1370341441489827899
241787644286121724
1819841152190988508
1241632040290969499
2206488565546201068
587507536
402584628
528592946
474447511
1237885302199265859
1637830491846523060
1668158297510740147
1384479777361787660
433348035164166004
1897017170035394700
570867583
222672263
1882934547502337788
1047969156507903859
1863645513177346307
1605521177001074907
362131454363964092
620206718388171132
2056024304394845867
414333069
937978370565107372
516152187
255850216
160041910
279370313
1732522775615951547
416999593
9481414
59956208
368373253894519044
1604296872467428027
1832722623536425660
330311622136674245
922207388070963379
373605992360433764
430602869582262172
1447560615376086980
100518850
277629344
392752638744889445
367806250248546644
1705040727481518780
345650812
391208617136810485
1510487935062702700
1368075374247802579
524223334
919945492842527499
1046086808948254859
135974595502086325
489552833
1436174255609927699
1175857055525898259
257586233
146297750
1859981973462396507
423164891
1767721453501901380
329922304314374045
333531364
1574926940420761180
280011156
1927091974423051827
543757283
298846534
873588969073119452
571059131
1641617262073129460
1702680976607877700
331031298740987885
1989385525817377147
562202758
1755772128229388788
2053591272026861107
1576557644426926420
648373455983027925
1577991771569040020
427684231020265492
1703759787971717860
811566630857572692
2077440771048931228
271631194
480077290
520190895423146365
25981278
474753736
455390286834591405
985608107690915859
2119795818309378787
1605710078966550067
370863976
938521984339689612
284198539
1927329427800547187
530696726
488100918
12583451
1757219286967369708
1512157562488412180
500499760
521200141209134805
810638446625451812
873558801701895812
1690620221301710868
497356361703328124
518924917
391263740476156485
1945697532992381308
176793714
187111493
180974598
171435625
583128674
154113080
166156539
561874414736288404
510400029
149794036
144284630
152389437
1451415318412135180
244224743996237604
555478182061269452
1799675113134563907
84550581
171909060
146112316
216752770
2270202482432421428
1370583975946905819
1690558041975349188
1050104129427671699
2140756384333222148
2266114159800394268
1928794990820794347
585817755
579306765
1860169677131337267
1639070446089389980
557462007681564252
578426500
1174664766654453339
212363505
983171315483064019
647520184242367205
1924330300304089787
753431603850861244
1541340952228753707
541372860
251231265
184977383
252683242
29980489
111806765
257950025
1819423743792468228
757712522973087804
475364722
2138915753978175108
373300187239635604
716422637416516125
98868429
180344525
326340632
167815728
1047119134662113659
280991813
325027152
1881886085566087068
462423630
525336572
411995514
2202916955855065468
1694420200688672668
2014418580076863348
1758035376277741708
383528565
1306660247247677299
1834669444353424060
2057877077471920067
1993652504808091227
924622696821299059
1174787012608726699
1670659532939850387
1731774079800251027
650076271551494885
1818302933764824708
458838713747298965
712116489711662645
325001877
1372649285203180019
1604881437157510787
177785467442325204
1882801981150466468
554254542
618932398063398772
1820767124877917908
1767370178762394140
1383519618965124820
650044464079714245
589104103
455633496920992485
1176565135191705819
984588696614308379
205254674
208870070
1382414162634967660
361671842169945892
689038321471801124
2137730621304803308
100987644
984985661855262819
1435987935943936419
1823553301994221188
1884707685410930468
1963178106253280900
681838065069186852
137189700094143245
1179364322056038419
239045884590864004
2073922357103608068
303555862615026284
367811646858184684
1988052122775605627
1830649069625026380
269141515
1896587974595184220
647911892793513565
200062499002354005
752938885707516124
585161058
141888067
189099204
412403068
1860356406204244507
419849832
647217425502992605
1691765707392709388
1960690558754703380
1370755292050360899
1832650651181188940
542899054
95588884
101524111
254742503
554185346
940380765539581532
99087805
1302214152593315459
623777072832149684
627200111108306884
712915361056508685
1895644513338173020
476523965
575516535
84617669
114724210
1766111574232709460
716252750662887245
183503340
747375792699503292
200404083
570214623
2053703845792187027
570954065
1830981854359562140
983659303669258339
586849035938371605
272151650
1947245823410332428
144495430
1703507462385858660
549860347
627117978759952084
1239257975463884659
361093069
1766366631887002100
205395905
399844126
559389600782157364
284443023
624094786230524404
2203428588420067028
1767335925554329180
688747258601887284
285985024
115167961
461297946374764205
563971489125648044
1603638843039654667
1544389546689220707
1387413755443108100
2073922156166770668
563962276181100924
2204450338532732708
260071413
235472140
168123007
37098701
1431793130862171979
455420176102140645
873843821106512212
202279369
303966508904352204
2204556998168608388
192178239
195007466
919298143767337059
115664796
43763116
2009721935167377388
292990912
77528364
92972344
1860711868097609947
431485848594131644
1818075357956394988
1238144275505346099
329714528
186800734
40657024
96343715
109464224
104868741
21496253
154394840
168741105
469179654
62025911
246237342
152124237
151231065
150786611
258295828
558161366
9984244
123738691
323462965
298461901
272956271
575192250
571668136
1819974270993481708
2053519311593423507
124290828
1690747966236499948
89985613
808208255381655972
226780410
101311535
112082574
328120827
207191358
102311130
202825743664768685
186413203
1045251459677972139
133760168
359543313
156932684
1706825025290638940
519571714884081885
1366859004368169579
514112505
1668671054008352987
396691342926096845
1176981114281278179
1733810765058531027
1446666975879301300
1112634133094840779
1691583472807538428
2268021562358877948
1301961179014891739
1238054645171210739
1241932058400328299
306687103657642404
1863190560101675427
2205309137340202668
1704846510147348660
524440048589604805
499522922335012564
304707784178468844
419184745
455861471995991685
1865989685421806147
1544694912057172187
1180755819879946339
292774547
1046202366915246139
104446696
518104583
328568481494882085
458610931
713730777817053805
1046349813764065139
691289646535808724
1894175240626391740
424329956732158372
251453597
256195261
616375723920228572
518514451372694285
111121606
456622597
353668158
415845502
305998900
93759208
434854137
110021910
274173596
216094100
196650119
469698352
221286533
576826621
246335498
65527767
6458782
172738749
1048674635574978219
1305647845430486699
2268215528402117068
1926442248676855547
1896552198803425340
940803782680359332
90849124
496531636826364164
444381792
68694060
554981833924472652
333738851
238521289
306457056664029244
324565320
240121800441268044
2117108553242083667
875900828234473492
1928659113373155507
1372372024481781379
189002322
479588593
2054348565071311547
519382175
580352081
1988348734529302627
490761818482777892
2054911411659502347
61687616
187669091
180338659
711763222598355445
377426196
127078486
87883188
176188838
144048141
650389696563697685
439876870
937772202298499772
1755641763007991788
589627405
565396266752989364
1695022750718988748
226003196
24573459
1179080489746975379
1499215106050161099
1434671744176056219
2204806112248762468
651885139086014325
747260716813422132
290379063
379725895
575605938
188702184
137959159
1384771923504323340
363056048667574252
1542794874663805347
938471573694370172
9400930
431504194171254444
163566114
178059154
1573584435703449260
1450468617213798020
1691643425602593148
327925828961081885
1496920754255247739
520872481661487045
1833832148201421580
529299415
1607250669031518467
938119790321733732
1388151194191596180
493732473326334452
745395700014682292
439789811
1545825245362024627
1882621515423777388
157959247
1882215635535740788
1301867397866526659
530250013
163675778
46142222
1574221182493399820
203986940
283610343
467440268
519889803423750045
334229887
187095733
469976489
285693164
520707208
372392154
143142835
579051477
754523878918067764
1513547435281315420
1883145050634948748
239327823
455763879439529605
524919967
1706628581247395940
151748893
169496536
1238268628066232539
442627133
450060020
2204562531198558028
462181092
556147823279993092
1047859026786478699
243787159
215723008
136109894
473394512
1238740447296133259
57356596
37103883
2077208642787156468
498168048009303884
1945665590430343228
513240031
1238176297604250139
1238972596293601859
1046784556736584179
560390394186123924
239066149
370334556149376804
688057648814638684
137257077124491125
200772262048098685
178960479334918884
114662360
1111058279597619419
1925473956211785667
230634823
184050756
90923356
647636433075165605
564118680
1513953137441782340
2055888105158463147
809660707537395972
1830041879503964220
360070094232502492
1883397935771618948
1797595233308479187
177629648390457444
1924716602886012507
258861695
1731795495959032587
563033787
1113435279177902619
1576243350305883900
555477346104902052
919979300443658059
180473715
14603847
510131657
518436791921772245
261983126
1510107883465984540
175391369
168762615
1494189887384525459
267413902737639165
360080212786839452
547500423
205367694248024605
395288957267073605
750164210706685772
1052133966925199659
1865913052301202067
1540744357643153267
279872047
85741723
209278211
60630099
585284704
357855003
1175067665539225939
449046514
428476430578348092
551943828928008812
523832920072873845
1672989301483839347
1771478506102753500
513866972
1690233522942107388
1603351768163770147
1386816233881773820
2014309219225121228
1110397406056335659
628843541030202044
1450458105236552300
1367776770607892379
392068007745275885
1831072464189081380
542673297
1447335411682601540
124029805
751503272131384884
563335150
342123267
446568327
1541732781971079267
135586163221591885
1446014819453388620
225263719
619453571819098172
1829779653188782180
534954854
936908189297754332
1637668957498849260
1637835045310863860
1796114868164230987
79150749
104752897
95180548
76969807
22428725
360179598799777612
150237591
261470025
149022504
413371702
142336732
259173243
1178246399573576179
305705174339549804
1800230154421055747
1514269229171210820
567747240
585353517
809723207225536132
136295031546866085
391595802866940565
493824869
217373614
86383356
219048355
67444117
687872442176866564
57384199
1045837683836590859
230687189
621948228362760572
652791093840513365
1178610061997004939
326177062
192758294
194531098
237073946
236582702
223839064
22685790
464719409
582386335276468805
1173378494955121299
495401985730422364
217082070
362104525985657012
330220358071875525
490175384164729612
1606724157846089547
808203596606472572
84349341
808120364828003892
1510433775777024220
581467497
529281735
578553600
570381577
558028368
443895580
1604753552605647147
1110456579413760059
571117269
453163005
1957642587921090340
84298369
561050606284437884
1509616156444068420
299614323
373144217152886964
436413025
1735093550515090107
617364585547538892
875711717683986812
682745392650719372
549217809
1302353279894149899
278668305
982701158597007099
1860050184354542067
1732312452140352267
91630815
687515045226011324
1302286780578846339
560411404349446404
107140153
542396493
364808508313014212
1178799220451235619
628944663198746964
1306641663781631779
688801667115936364
434340856
581614823
371809604
581782111
422524212
2011523341623144388
536170777
1498128518261279459
317225298
326863779
545296400
428388594337370092
684527707945520852
217031745
575609476
1691175639876579108
681699657395802412
171184984
1110157050446121099
432143952823383924
755496781618428484
269344225
513572162
126315827
571804409
285446279
694160361162082644
430720169788505732
329350133656786605
560878668472838084
439466767
256987876
1240059693791671899
435904373437753644
577857796
373015003090540484
713029781339265005
583079445384832925
449451536
55767853
408755610
1445521138283899300
1988243335584288707
986273268135066219
518589465358567965
216916809
571451487
187292643
1818160060197797668
251410277
391170854098663445
918074691059845339
326410849265792925
1544852442964123427
1179391394572134819
2116260847244771147
460729941689964445
1947634177671979668
1883814638464032988
1372613657738086859
687671119641462524
1834727213207644220
1673536247442137027
628518048818919684
1900255168363715060
1174153327839037139
1927292246646592027
262786561493244205
1703468777205954340
2119985491455255067
1446342038218167900
1384491938594109020
876300977367806692
921826357453281539
176398903135197244
385173698
2055643408559853827
392999885
1881760428823707308
383652732
193791376
193790955
458429334396565365
129532627
492655026
107939424
286063321
6910114
102227019
98092681
551026990
521337340
345131649
1637868527985265100
573007207
331935233919678725
265429186227144405
427328712764158252
177633238
920400544447498939
301767867
567329692
458987095
282439697
1638097853418895260
1435064195253073539
428695392023315052
396391218266733165
332946314
17773463
437438970
79248677
80222673
1833423176805222940
434969724514515484
347880611
391316101
586629518661842485
178206705849595804
1541017248561225867
489123426664169932
361576157339001612
751301877473715924
624837957467940804
2201920805790855548
116690571
183765799
90206957
112417617
102227162
175950025
205672742
150866076
809980696613670932
755712695516616244
170182771
473188540
1733281612029657627
1302069262282618779
555021200201429372
2118866204618743507
1694000674277921468
2052199148121714787
1754051447946068508
209138549
43950970
460874202
458048057
1604263953868444347
1835390786504202700
2076206233927692628
95896828
1863820917650832947
1705285787007293500
1369897373685770499
492083554231079172
240209045588998084
625762235946727684
1694535164546245188
364529962189176532
1731849794075639587
306919960
1050627118664590979
252998089
1604961969561264387
744764089409257772
116712948
1383131206584903220
488248587767979972
1383212859546839540
689745978077046804
1992148094772072187
757586059271173964
1964442142941623860
758172955574687724
394902668140570245
1605123405598527747
148051607
211818859
134580834
228034810
570159888
18848730
409448276
1958683251779573580
923296146573445499
1639680355444787940
1946178267456401868
518501991409752645
873111716632359452
1637963079924500060
585766812
2078386886595493428
409745217
146310184
431819840807839764
490451902024671292
651340358062474805
1800081957340561227
1861974749891534467
587826873306036925
1945630449280319828
1639000417398568940
587063418
326365794
139709230165039405
987309878091765619
125187360
437401283
549843045
1881691452384146068
245587332853868964
1175749387195341499
188731340
392883024
1896069312237988180
305007730
1829764876292700460
552678747
79507745
3589459
1862742022513635027
103996210
1435990706372987299
40867755
232742306
41904352
1693302346994188748
1767235974940990060
170246099
122799085
1962514062633440900
231087306
918239912540743339
232310217
1050837550535670259
493160155
1885355619926478788
136255603
240884235
748058920944259492
1179844297728625259
692967629077878484
810822433645433572
554228155117555372
1671018420571476467
1604332166707376227
382972447
357370775
1900014292549007740
1704567114055690300
1608609058029048427
1821912269175841268
534882685
448124924
1446220101709240580
138185544193849765
1366245424779930179
279302735
1046339426570803619
170797567
312433340
63878046
135742457
1637663883739679020
1573661416776570500
1046229638395422539
1893728817809213260
586067617
1893878961848781420
2052114391470604907
2265659930646130228
170365270
571798226
368707876381600084
424412582788820572
169782961
352777729
568495943
1542268412879105907
536885589
2075558688600424228
514834669
716076123443881885
2269450080903958188
1450826541562829260
685736151478484532
712551364908283605
2012331157425716868
588456132566882445
540523426
1499451489222789459
2121168188877447347
1865655640069009787
1609109032169381627
624582478932548244
501259776437869164
435201909608023924
1369239479825786419
1754156297558130788
582586303104743685
808449182890934492
1957900866375854180
490628394
623690979348301364
419761517
51576416
1366914727478999059
982198290948904779
535281467
2074760750883667548
98917248
2202264075066646668
648133019252189165
585726633
1925596397782089827
457529994532706525
1988368043929653987
395129866483267565
355189075
371819692233939724
1238382247464683499
270710560
273661691
322972547
505034932
249443688
546028984
1705046262085314540
744497250032361612
456124873
2055327961441189467
1110744029699021059
540533577
556394701
65570897
313041657
147162541
71102645
145012422
81763404
184149921
586422638
347540748
488828047376596772
2201223502045851908
456854912939955925
568195090
560083610601170844
1577469921367890700
936929483582656652
2138307194655571548
940092964472390092
327236831719185045
1754653035704046028
522538849500370925
162719638
2121433401085247107
265533265298151965
340611310
455630483401201405
573926069
564022386
536897896
502382414
134619310242596565
871915883683029172
336839583
680300084917891092
509593731
1370187547973130379
446584855
579138979
1753938677438128268
239487284711430244
688835061634791804
2266725219982451108
1046461023605934579
1701643130172671740
272278375
72075480
393086393039591565
1673903389789728787
530606468
1436221145498409059
1950823840558112668
1609512464826257347
183784921
261782461
648706232716376725
329049824087005325
357524364
986663686012118899
581199982
569096017
1386502224971049100
395687112
417613288
127375376
684783839529767332
125233710
690689086278231764
520416827651406365
372509559367113084
460580344216131205
1694652304561922828
579249371
1771253878464583340
690745067517548724
429428797620949652
716003837311923805
749488712098025412
1368001742023935699
617655848594235772
555774092976013932
1766393624534517980
1989686416187486907
331534858962151005
615924411773693572
1830300028657755860
58894924
1963376558910351660
149695226
435911508049168804
555044434089829132
26394356
2052021304718758307
523034164782372645
425624555833516732
31613259
1510056220643501660
1240722452655503979
66355188
1963253645908142260
1884302531909439748
646568826967517805
2137988831177903788
395919446823635525
1435109125477222259
1641870364515706620
264117252787328765
2075281608972833228
574600192
1992383407881187747
46835616
433154337
539408518
203789609185982125
2052483528913543067
371769012787308364
1608890225350996467
1882365113214558668
450230714
435095429
583154285487601885
363358888160755652
2010286222927843828
556187931
305838597
462134280
2076976468255121508
1545495259649282627
578056973
576051696
571847297
334006376
1885197922528800348
583974740838468245
939690188472225332
304457882511960084
876318551453642412
522792461833529005
178380461282084564
1927347977547133347
173268813
1175609040108964619
134824099639569085
25941590
426510343085924412
458554268286511805
330224455710992445
1577429793608551100
424245302404043532
1242065537037055979
920797123264747299
1894708839421799060
101315612
58692644
551067878
327422239
646437442801875365
2137760183954546428
424090112235016612
1925611953839566667
354632474
812906829326814932
371847048698927124
2015434733908287668
2073920621116776068
511756522
454464284851595445
919923515087390779
550895779
1382035157865768620
456229791
178309913
1929171076953448827
687494280981100084
1884776687675772988
1946589922313043948
565544981548038364
589893935
1303731238295070819
2119386037987238427
452261644
1988021555282772267
432679191828732324
156102415
483482563
560926238565464084
88254640
1304971680681952859
2116070064869409107
692064671219410764
629859314331838444
2016209198669775188
1766442938484746980
496224423257340084
580044797
165046591
404751603
2118244763087413147
1578315182839162900
243186446563559244
185099127
575013960
59681880
561500187758044804
746802786722517052
265377785391458125
713295232520095885
31975478
2138290762030768628
304182625079875564
66646707
1881864426421260828
1822569404063920748
300732260
522797922793724245
230057392
751110004406687524
553995136874749932
327321229490858205
1895103164186715900
2058553550994505827
2265820770332070668
169279958
208877979
646727276295789205
249706956
238676752
246011469
257167232
485834663
559809898236688044
1603875845360324827
563370593241073764
1802104283007664547
107910446
1307357777892177659
918680577475471899
570747606
1642013820476753500
1305902114364405659
1543504376972976547
2075382712326812428
714596734788901325
448365358
202347452938738325
687436956262611724
712897610947016525
136240424644572965
434191631039412124
1114113380565493619
753320111774849084
145950364
630346482549254644
1894070286677063740
428471599
1991639809695080747
627679348917602364
2015906887663936108
488890624050450572
1496166774800660419
323534878
1447080823688018380
297396742
2052468418180415227
551890611818851932
2205500268749632108
681412175097926412
1540000816923352987
1860632206405582907
179023712110229324
423955595099963692
585756044
417269166
1757914053686960708
563226429372933804
1367995273951221779
1706017809282324260
1242171771422464139
1576489648859535940
937392503703170892
876336695132701132
2202083221744754908
519208363097217805
237963017
279301323
809602671994478812
1384841574742702260
1833091478575892100
1540375328436113707
2203008095504600908
2265900797756285588
178136477801621564
1734613076845621987
2055584576833056827
2055584576833876747
684026369545961132
139325054
190959249
246864879
252075446
243540982
1829610545733723820
716245067709548885
1451925708200335220
1500614095401420779
149009497
108831157
355649557
347514181
1446801054227425380
77798662
306409756
878296630924501652
201964523590478005
1178687304940144539
501597229295540684
1609138338740236787
686797955515502252
942199784000889012
2015490973356904788
310832089
73584540
201624508
257600582
1768607646280817380
626262522733164564
265865852
425503458424082292
33187622
239011478
248475503
83879185
551888396
346081924
811176042049954132
1799336724885516147
691839572005362004
265321222650046605
1946866033651334908
1497466849190083219
263936940326693205
984585957462661179
20804321
1862462384940904387
1861949954953535627
581425712
243313414588156604
162794950
433392752029435524
137279667386170125
1991810827958509627
482979846
391157405852207805
1110351922480670739
253970779
559113978
466882005
1818155853720486268
2207563014893887788
522914023409486165
1819310360001384788
712715278284048005
1641858857471375260
305030134637882084
15344644
872156952699932452
361825355
361859320
1960403148020213620
72794426
462078612
487590445
1705544166348933020
256140112
578402976
2270174494435196508
2075762988998647548
713090673700563365
1304410999685703539
1179956730426051259
629667861316942284
266643500965587485
151486452
239582819
567466972
577632975
149593991
577630626
232668784
154709038
1640835259245537540
1895146803336366620
1701642439467059500
433859612543679244
937946402423099052
535895579
1733184476606619227
2077910420489535788
557617361
467095376
1893660757501676140
584955508
144764357
47328519
683076355689378412
689338013649250324
1542188559737827467
2139137005802959148
1384677310749849780
1704577578219899100
684473836507881612
1372097273877043459
429595060362637092
1452060832148121940
459978445621234445
1733448046713417467
1369877012271953619
584874606546336365
427204835961372692
1960845375664650940
425546983480737732
1174765181220361779
1925464087000301707
495972147569711444
105508296
206025373
1862464303350304467
570584766
2073479644935876548
2074303271140221588
168933142
1823071649933303628
2010440196968951908
1862631538424413747
1884812359595675708
2266756203193826988
1962862495053609460
1735097549430775867
455506170
240515668042737244
2137944385129464228
369387150962858164
2057097818218836107
263987387022342285
617440349901914532
575091357
459599960
500801883
551435560
1244174038196705779
554222620434092452
423201533
177395362152064924
2012399637324873468
424155654574968852
1991997930965864107
243180454360315604
748423848036728692
747482240653628092
1961956498625730420
585421989
1434385104227461259
393410465290901125
2269267456744439988
1818854345195205068
1881564060579852588
625650090080712644
542674669
810940038689391172
1757766620125626188
752076546499426204
807950623269957532
1366642265990359259
94080079
559837064
215664026
258963852
1817859446319464548
1368174514678016739
373349375458166324
689906658672195284
1800380093423239547
1545093337086762907
1642080540787353780
557171908721836532
616307404138647132
1238068726468127499
274326251
2207503986792952228
247550770
110060002
263205377
428847481
170176828
324706645
84895765
1545540472252654067
2078633924087534028
681275096942969012
461502470
243368736106502044
1580568479581705780
1703027134484346740
1888491152507117268
1545710795157250107
558367151008673812
648187578792065005
572611528
438407535
1767690008878356020
522804135371290365
555955371402433132
563415270168807124
10885335
1703157490883123100
177930228
1988146615008984907
578968831
438241514
574352489
431962339819341844
1988066752175054827
646968540770924245
366596669
1543261751221116587
1833870841846937380
874492423201923292
135200566828755325
1110448984124529179
101738986
135581927
1113879591053425219
2053853161819722027
258639311
183137869
1109872344225658539
221859580
1365857246373960139
191184146
137483703
1819899707967561348
561782262650599844
554063680862543692
1238807704062862899
145816622
129826354
280375333
449050662
548687876
92931109
320480383
2271902957484228628
542432008
584312425
752484291393582764
1991585159946108867
369790030671018364
176727362658597044
328801752070006325
1367819131974891499
551884702
578860556
2052925498749165227
1111744209649919659
983675707483474499
1924930777139458587
202530079378417485
1703604220921969100
649378384747218565
233051186
746051054526718652
618197168749678572
519101140992313365
236945024
176647487
470486553
328604334809872045
426578653254480252
1176632832026122579
1606306280945061747
483849840
1176065775435970259
555946517
621438807645581492
501511175845300724
1801687878928826827
437703678666062164
1929357467346997627
204201008337291245
1178224637125089499
1606581467441041347
1113848843862907459
196467351
1114109636958873819
2011956060596297748
1430252120648571659
1510466173978408500
583472363
2138880721049735548
1732342576371396547
61272917
1449855534331688820
25030816
135459613685868245
353299829
1895248058233579620
206622901
626176030843090484
1515752885105981860
687950173649516564
373747248113588484
179232273834788524
1958956969270630260
520646767397116245
625869899415332884
2139985013237976668
560205949350775484
425984374782328772
2271039581211517348
2014847368825355988
1864847777377661227
1886850764041720308
1499322584960235899
521537240820005645
426643660738506532
681463681800547892
428943802938458532
102071796
570579504
247372865
328780844
114444669
2204476149073297468
539999233
1860700393796312627
291567339
289348258
297783024
136818978363787285
288350955
712173336771528685
52701074
136908046
131001313
334560130
186136028
140060060
137838068
114934289
247390387
44397416
42819779
357503865
1048468342087711059
137893341572450325
112895170
1832707479676057940
452614593
522405020
271030877
559646684
559078764
34165556
1496970575842641579
200347818
1432075526253578059
986475162330695819
1450417898757294540
458729675
410615569
1047531193922816059
241237422871927524
1495901425869096659
410616882
150403495
77600551
257062945
527249380
229087059
216477665
198170438
206060342
626545986100906324
937872762445013652
1113508719270840219
179124046817757644
588451421743929005
1544069901281148827
1960059347497645940
457641235047287565
1930536298805834267
1048921912819579339
2012554220532830748
687617187544848284
1637810783987886020
582447712355334365
7475867
83189131
808960043999363292
253732357
303436670
359925736917122972
246257082
541329512
1110073769742899979
237006140
545737480
251330448
538277662
1768624095107103100
754626323154704924
2075660674273067468
241617019038276364
432654278537959564
220050215
175472503331211644
196564041
509445955
429350281456095252
1514770374300088060
1835079819046368860
1992187859999859467
1385998222832896300
624149250108299964
650665376732003085
295055507
447677107
586759112
553733163059043972
345662378
393321104307287725
542766382
586374892
508865870
522493668336584965
424630925812376252
394677471
304239106272958844
1433763245208360859
300172250
1946209778221907628
375150653
744448286251528612
274202017
2140894704000790468
567074851
1923865422869085907
1445715628954592940
1540966738215907907
182236680
91490908
618309836463378252
182237402
198591884085295285
279301252
1370444447029156619
537295221
1578977099350005740
1372303485887478459
353337238
983820998735411579
108442450
11808867
2010800035443519148
1988337959630697067
253578541
171477580
83144664
461375243
174894986
361804378
304686718
358280811
178554493
104779053
590301706
1449758862151055580
17748795
1668448612282585427
367511250
334024415
332425403
331119121
129229209
138996202
200711894158546725
167978994
250632530
194518794
30543574
319236081
82463306
544468811
105657388
125902703
126522929
1796770966195314987
1384261629894256900
198970628154127925
458999922
158705751
751936007976822404
330186465002072045
1766860331052738540
1180178840399984979
327087745415871245
239699012997556844
1754794068567400708
590840507
1369930688540006259
470652307
495683000406206644
413928351
710561000861518445
1817777873118712188
646949850626341085
1923722472219946587
1731662109157736227
371533733864761404
2015792208317697628
1303874164093471139
363221892
157048313
1671157855100428987
1821333729680826948
1949134251511369548
204793238
433769123938719364
313193008
313333194
118374366
303782010038195844
72076389
872502755992747892
516756580
301360301
47150224
1541522199167561467
2140229693115097228
1575032833849662020
1608065880605237907
1694448851278901828
130694231
395980213851777645
585602467
516177255
746434734018794132
472502339
23216355
21383990
1830326804121712380
134464801632241525
515989700
279307093
546839772
140657139491211685
876915976739418292
474531875
569210964
1369670290839316939
96811237
1695132619044548468
1515363532029900860
1304723265445673739
712376053330479805
1926310646366241027
306006634969483844
1669774535432962187
1959661474117417500
237694388
261601381
1731956920770162587
688718207085389364
1509853670695926300
261094433
918559900444764739
1798122112982683907
111937806
2203827632385957908
575539671
1861591937049345947
365139434079587932
114102801
686881546540859372
2120690646396530267
713150909494053525
2058592724329996347
264719912105150925
1819987508900364588
179118132533787164
807890373331812332
508457694
1541601261481832587
559308626
206024368
134837855602203405
226241489
187761178
751568826040325804
1668123705023008387
326180591
578077112
19388806
814362578736279652
1756969311128506788
1304296558175775379
1802024154317713787
241481340523915084
372894648476740244
985226770526730699
2079423928898674508
2267921537294061868
521865093504640685
2053340692840214827
272345546
619099296379032052
2203332310967901868
236843890
744253179547881852
2011023484650816228
2053665553466257267
522365473653151925
473928475
1958372505519810820
1884174915096936268
1238223854004992179
1766989260070165260
623390599398119244
1669912676670599867
70210931
218125104
66050724
56892311
489332292112801412
553665048
196066980
1382444846193059500
303473854898940284
568622757
1111104642457261779
202332945
1703675203658086100
206020189
1238810402947881619
919221614945617739
22321689
938064184030973652
1493898965274920939
295856583
135316984
240101185
104847601
338291414
2138514183275593708
85154599
245336870
284637966
377713657
306172998360745524
1704533540157818540
394474126518052645
199148502
490955328
364589937326662292
1672707521507114627
522988203125479885
137185962206255645
1765677463707903860
1947926821421600348
580727097
406641869
1959418868382361220
280250040
583129021527763565
744006583870349452
583560247210891205
355843754
1948921534537003788
1431281269866261139
572081314
2269027717111328668
755526309695678364
263957822996343405
146432369
468791650
2204386401505579628
1765635743093852100
1862714448261419267
713691753214838485
1449643967589632660
435817642
1243440015344200019
1818218454178931348
151237188
242010830498187484
2140122226121740588
647031810579544605
432425008
1239527807109765379
585422314602071725
474135365
1367812977381223019
2138484359344795668
417274055
561915058912958964
1864727211076169667
424487230690906092
984446180831815739
220118988
4850342
746559551444078172
1368388674691758139
713031286771103325
1178022751406581499
106506427
1961531172305234580
936628657282568652
1766312725166193340
2266142229432926348
108096550
1429631317832898179
1667812799996305667
1860856084636274787
1510155879425914660
2117066777710481547
164368887
190859616
307804034
497679395
623385206643391164
921863966785423219
1819643697292484148
305531584787912644
918433629260462139
1237886047180093659
744452831915692412
1173931643651676459
1821370045891493708
1669824417343828627
693734617162184844
1513845121879173100
519796959832316285
89622987
233604986
1303002741105080419
181803108
1575372155661260580
75291323
104446204
98533118
464694098
473436880
85159449
561439577
712744986373719605
561506553
2138921188927336708
1702524445932698380
1052571680613201739
1494142647759759539
712696057001334325
584530671
587097023
245426767
387573725
271340649
1052130829715732859
924614671298980259
2077210735551070068
1798920845404438987
78593868
233842831
436384685
1766766882159565380
2265651822171557548
416291222
1238142333813258739
1797016181916888987
1541596914850684867
2120688823554347107
2010050858386648988
1760206541842055308
1609431006478614867
2202223987341324348
1824142036421889748
1244211459117292179
1431952069293762899
480897127
203369692
337701766
367769853223082444
571354798
713923869375044005
239402253958887724
1382203899965245460
480579524
940082638020718772
241921548062500804
584544144
1542182788643689107
145541157
1669811575570812507
1896416348314450580
290911059
421597049
2266625949687799508
679969246838280972
578397634
585776358
1766213013406505380
472875236
528431011
583705950
491543652401385612
1433267407126825219
83804831
32526987
352758410
13073638
37294271
419894064
2244273
153491445
202483353
293840489
587127674
563585266
141633244
1688965382554534468
578231212
198963490432825125
1173838914475427899
354202213
520622764
688975932257389044
562364907511527484
40267986
1513326970481244180
1706891464319806180
332308257643300485
1051698692900034299
526569077
1960808943982643380
1960143264453724740
577245855
350232646
383656490
473295514
1112400706347284539
1860908622824747747
241979945284901404
1832575614101903300
145142133
78587206
12705278
30961887
209381723
87883581
61060737
391359024
112128156
328802948577327005
1110205906156206619
547920767
523218569
2009611445794562708
188673842
501283129
213566236
1883177776193732908
1436059934045317419
712718159241857565
231382715
391054271870757445
245256176819431564
2079321669331857308
1539609590806971027
504893181
458288542996875365
302937734
1382621116951992740
250416771
121512646
411696070
120536365
2073922262627954788
455361890
1606194018830266427
329105131808548885
648288719165896925
1448247956149422140
2206692487907278828
73499191
185326739
515510321
245230139596663564
2119456398789091427
237264264
552998474245784292
176118811
164456391
140724850
151440297
168639601
1641469931276913380
918223632644372619
57462629
539809792
1927339466577686067
17223240
329180493899291285
1433818146812016539
585258999
755607672636975044
510640943
172910313
339699194
169620480
1689746961681235788
2203909860125012108
522258943633926685
2270052688000053588
545145445
540711860
2203823646112145748
918332782393579979
510962668
299563354
114617956
1945730529213022028
1496135396180019019
752085814404696364
447457675
496221777331145364
65527651
917882670669814019
246317097837676884
616141519296991052
262520574597843565
208007359
877537507164905092
1514136753477581300
685345416152809052
1801725289970741667
629228519891605484
2268123473638473788
458621273248958125
1668242497081233707
330748143522166845
2205578805889240908
491503818683994612
589604147
1833876314975734220
12340019
2201985981191589588
1707079535359805940
811734849437315012
2117550268559946427
47238787
329917054630673165
443916612
1672838937207062067
458769769112520885
687435241977145244
390821977717888885
200074512835774245
1818828818561056868
1604671592477360387
525035711
588932789
1451395321971989020
304557054015944924
580051116
1447696829358315860
584412091
1990103964911730787
149668300
426006
157718674
236137500
31851954
161425010
812561534345019412
445957151
1241446960041666539
650663368701282445
2118684591970562347
562777950
496027531159701764
360339252
494223664019545852
627471910653036844
130300451
256314790
359290860380250612
1947904412140372308
326439642917443645
710551830573636245
522842672799525565
1109869073005394619
2205822977211056708
712893754862352445
405148179
567137260
156746839
177989305
205057804
567138758
145607783
283044883
424121406833099172
81887460
480954281
1174077075288156939
427946951169400852
1924113896654041507
457419740
1830305418257009220
209589956
371340291111634844
416646141
1821837511778685188
2205456165222290188
406309687
1991835069961904827
1835562694205081460
499801940691339364
460777852351678885
1767762936894187500
2120824283282301267
440343491
228344632
202153125
278299900
1113928656728708819
554864269256650732
118428837
1885000231311802628
582996466047883285
264747629624121205
428775404
690057566783310364
585948324060105405
1962016927055391500
688773705351071444
1768126029607679580
436140252
1496978812961741299
1757772979544301628
243661059908081804
202672844924708885
653235794353526565
986120048823880379
1577954597440542540
616294935824822652
2202571262923235668
872102539595477532
588819683
98615948
1605095766568398427
2208361366128201748
139362603
204708714
199506986
310356818
429023761
1366426202273207939
158141919
244277726
1604438387896783307
1765656109696522580
623909133565159844
1887857427429409508
1897684202636994420
305906948
2265602499339685428
134123058805008805
2142239690711154308
1046393056650290899
2203927842582212828
561361170497132724
2076527017060160268
336946327
2052962090625446587
435403277252204884
616973583935824572
1704545587379211020
1307108531866716819
1498877087509043539
937437022327448012
582032399
364610057265754092
564034130286803124
523999060687714525
188670102
150809587
1881797167255482588
520551783558334005
1302315858266163979
561581840
438911053
1894217472210299460
1959181517563647540
1768230813366364860
82434100
110607901
1831255181420124820
564609276
1960622686585334540
561772640
1511000340920473180
569780648
1610215730885684787
620499226263211612
1770933873599109660
1957701388654253900
1115811152747919339
1430820058927052779
240278647501523164
492981160855088732
1737070142601761107
1496228194078607899
2118310879298674827
937963333856448292
2079298798542532828
1929887761767395587
1174398479146874979
623715799954171604
87963529
473297636
1642628491354982820
328416194782500485
2014869755658743668
1115814889563228339
1497286887076731179
573049323
2202324689049140908
2056190521955360667
368016543166593124
92079966
135899487
1692425312650785308
648501632313760245
1174671549701908539
1575945927758736020
2057268353177161587
1950142600486126068
516451902
1238925523896269379
618234240565931652
243587407320705484
305542231954315844
425740761682174692
1831650015592028260
458066908714296885
572326620
386954119
280420606
1671798614337261307
1987352732485317027
574026238
1692295466466521748
1958182203092101020
328104765295191965
559983138
265109940842850885
646419563963623365
578822635
582005512
684811724101967812
618016887473651932
200388935764752125
1861681477283667747
149362390
181633397488974044
175332493
518401168
331528690
168285837
185321782
328576628
1667830231896424507
223721309
136012931471632325
616892641591181972
330080451
132935994
393601795295032885
430760637
430888453
458155523529692845
8188346
131451721
1381922280718182260
46231577
26491463
622658096347185012
1885643830206988228
651574534635137325
756796121698207564
1174750475043604459
2055619732305277107
2117529352242577627
464690141
404095990
81256557
199031089
131354916
1962002012262287180
354757088
1639023501339371900
137145680970635525
1668705620990578227
1897366595419084900
111130626
352001652
583779442
33286005
238343280
258030584
247655030
937107365783928572
1447274508416419940
182242599
109563253
137854394
164880110
1881987043860165068
86180705
1642015598091868180
2075883189879267388
1820251796884164708
1048396893452400699
496273132
624953312920439044
1798373915780538227
2267143372724134508
461959429
648569463891380045
561891223842392564
330323570521954045
188405218
1883922905590365868
156766940
1430174480680437659
1540435247849730107
1046250487159142819
428328287294738012
556572378
499665007536585284
1990359498895146947
562030121381382764
72844826
1671372015590534787
689235251318585564
1945712427628536188
808702336366497772
214334900
1367151976504330059
520216194348324565
490577513
1988932869362720627
437242455
361871283435487612
489175298383389452
136381692354976165
327820742
746540415434330212
690231000722970844
275500128
1383709462733670140
538168901
1542253584078389387
484910894
1242035946951034859
874927309985165652
1755906079527006628
135586739
101799864
755344007082542844
47369119
81178943
1544942389220097907
156748781
327644709
383990245
147697458
47112043
108640985
1577416436153273100
649328669381822405
363944544778740452
457071272528083485
193009800
1833235638754642460
337476648
1960468561958759060
329518519856687285
2139493126353666188
339395518
436570573
299382066
625882945617926684
363917249087988412
711228964843648925
922714723808512699
2270695872958844988
569462112
457146990782613445
1448676388022630420
2204306963556978428
2012307818222277148
1578811958246102700
1672199054273753827
370815820547303364
628176947735374204
199722597531449485
1450866689669621380
456999734943094845
441191625
307015958837111444
648282925531224405
522816820114991045
2073765449880978028
1884081864477769788
1546348941066478187
1930213323216724187
2117407781768715907
1832605920479918540
488353563554558412
497712137368295724
1691856293830156668
1048683508390861459
567072924
2268086139460805148
681276691553206212
1958144449632041420
367735741218228204
583489674
587410037760989445
753858516853602244
527571251
368339176895084444
1448004262911560300
1706580036819159260
712930796342646445
434887052
330827143
1050709741519677659
555365704185536812
1577229481219225940
241378012776126084
939568583044431452
1991138202097512587
1304860243124500059
756345599187830724
579393744
2012024102430445708
1175640230205490979
1990464446976422587
2077180794081312948
1305469363502562019
426970323106722012
588284697
1733975862622958147
186732333
448856426
161543906
1988782929743392387
1823298831625433028
428834645281636852
616780361662657292
534229111
570731026
333306311135197325
558041679
1670357637297798747
2053951883205849547
536797219
30409720
388169585
97821596
83304248
102153105
349617414
118405206
71869277
489760243
228302191
35875086
112627230
482060260
116521193
185410531
473543067
329486144344889165
582316239
682938312633188932
1899290119421614220
682772598842233372
2268577920833547948
752446611831876004
712900350769403485
308211700397574084
1822387429186163108
2118722906239889507
748529092184870452
712376853925258885
1495856525394361019
552767841774988932
1495822658631895539
555972160212878012
1736990612830936627
589514815
164967694
164967657
1734936510349488867
536773583
693085395686406684
267768060912031605
618515295703355012
1051002344498166259
1386940644976302220
1863251867821847067
189094450
257822259
250637393
391356535
131713911
269565947
202304983
179283528
1449397513849395220
101939218
142748473
922253118857554459
1434256904336599379
300020668
1896430794740562580
185894767
1800085446598831907
323335497
225468824
1604051829691200067
171964883
375642895
181939469
395541919576397725
559450634959714884
573912571
1798081215570751587
683583180726260292
621528447121846572
583335692746103085
417276778
337632913
348170882
73293223
58408796
273709561
193674149
14582178
1691845874510102068
619430354223501412
1860001536310469267
502674120
2118375496522784787
2201697602340344508
1047726795576309459
169483723
316644688
1733076475513786907
169491900
183326547
348106868
129917339
41553256
175754436062931604
717233860879693445
586993337865652125
1765132896609310820
143772720
1962740613378242900
579997464
626432226468276244
693306617832454644
1994465708843225067
2015926870014701308
177947558366357884
1925682734969090387
266662230036773325
650724991428962725
560220295
2117517588404195827
135708093511338405
392091736
438311087
579353387
1770038521459762740
810102915822026652
523597006413359765
331304294386693805
1369823811770603619
564660453224270164
481011585
338610940
159232760
381912872
139988185
236947011
82574217
200111269
1543012440183779947
938276935752364612
493479951660080892
589050163700741845
554523833
414587974
507784170
105415444
2122084620564943107
333187380282476685
470944660
1831050948323932580
161576146
1731477126166090147
1963829864498861700
985850061313136259
555187752
1862808053773180467
683069100084744332
2116258049672614187
875341669003107892
1924363342230703707
1796572483073528387
808144482402516612
120555964
1308573855462758419
1305856438370232019
5843455
496118173
527428599
810839606744646292
1770153203658168340
648914542962490085
2051693845443944987
1864654246344962747
1860733901241561867
1495210982064773899
554267774864412612
429211860
470152997
586373003705759525
982212135785707339
1176458310598810179
1925940586018418747
576640061
237086111
304698804
258543193
521133082
1706787634904402180
871968614275796652
264795827741477045
324027969
178091452444002204
455351484726072925
448931238
140592491981298205
1452069219328931740
1708515003713526140
2270772854277214348
1669303194267025627
984618641134827699
1895577465051965180
690791593619687804
2140638478919385508
1766271630981929300
715560210985663085
2203733229032235668
1887396847043268788
1115694231030549059
940842266792210052
2121832453289647747
1372555000824535339
353484215
1930399474682482867
520673773152139685
214101722
875053991994662892
432769172370581644
1304443330643363979
1737450747344416707
1050942006421472859
1705861765380986980
692728646104910404
877988460425859452
1884085666257871068
533390073
1384132400281098340
647554726363265565
553094610636132292
184136256
200298879040088685
2052017668560846427
2267683567817147148
571422296
338411943
1798127710232997707
20154143
432987460191217404
568990323
1446810773982833180
198838798546438565
467930356
1668130718434664787
365988556
303769722053413004
1573981291761633300
267300207248041845
503077261
1959185973144484540
1702100655098070820
1446045845081180060
327527032686495965
358859880
533159671
531013726
576216943
209311878
198428470988457725
920313248237845219
573493807
940418429040034052
566033835380517604
395455181385652925
227315384
1371243534661273419
621672006518014092
1580377023496140540
924061467072481259
304410279232129004
6276354
130498259
566218392444278804
243836306136746204
712915296984868885
1670889203658559787
170221092
429088035
152278530
2074401799937466548
919490035798088379
1640350090605721220
2120199795957731347
1883632908971348548
646379707194128005
574216986
224096755
25870547
871894194361127132
132652353
525448455
1897871233627371380
1895632064320604340
458154864637303205
1705360202598942380
524156957
137085524773996565
434941388
528892504
546221122
391158780198958805
1046741439420365299
260022913
111142316
2076369985187524748
329203587249280725
743946576299302892
1818113690182586508
548391987
241343082438314164
685611372190749012
1692266743121256988
497015184253344404
1926371743925485707
549924599
513628594
173056576
330613939112495285
287017453
265119353071253165
308479976722315644
343817410
757868168488106204
88106867
2073718960320258268
939480849423287012
811476995078685252
754870285092788364
713318206074763125
618440292220793452
518490554242156845
554335000
1929635382490042307
448689641
339359006
1579047002620242580
1899269175111567620
1177195836337899659
1962584995279186140
565104220323867284
755129845501282924
1670208271726767947
187365835
361113487907664572
520653385773164605
690156701753308844
1603612390983549147
139875915
203962983
235095118
1899520692642825860
1895925531048684180
982802824658032739
521803526
689402565609416244
1755647030552403788
176602832460908604
134289627
67695367
117179425
808518787778937252
1820099692152169148
31888646
124190411
97452928
99056719
2139721526147370988
405240624
200484418
1819449140364853188
133036398
270379018
460804992
176518438132025844
515674897
202522844869187285
574741901
370775246
178925023861234284
1383838202011208260
433170819740555644
306188472682973644
1578428638608128420
588321069280283085
574641929
