1900082084904232900
328452644167788685
1694039938563124828
1577435527423293020
393491818005777125
563055645914057404
1237316523643094699
523970903911246165
1897167897343252260
1546109128114208307
1451126992736388780
438253665171093204
135028738793313925
307991403721754604
1693436734068072468
1733424868718379227
1637709875463445220
1433095830129428299
1576849278892104340
647013167072303365
519124561057224725
1110398346487060259
1637836203809659380
1110509541574646259
871989400471396172
1882783901592833748
429779524854403812
436845957933697004
1049599210965350939
2118597143279403667
714450063136138885
1884686291863891628
681940611497050612
499962138255755644
267971259172071245
85937238
651229169604368565
1180245052491232939
941424469227876612
2054908643894857347
1831545973188474700
1370112313468877259
1962220503822387140
433763211803572724
245727179016586924
652036760988125485
1800655928103825227
561660545401145524
1821630032732336348
1239993608570071739
239043800674412404
412230751
391834943020878125
429216049362009852
1706172085904619860
1112492970464737819
1513002622743603980
1925585392814296627
2267954080801702668
436410869
584694108
619758913369873972
1885373941435567708
1494127035327395419
2010293324986442148
542699753
391363966676281485
390314761320351525
523840454025181645
1707318318870947660
1669244976912704267
498166720106502844
1896023790744667980
531769548
1703921563460188380
165298041
691705305427482324
1861991380700664187
560681389620639844
939593360785600292
1708519752228997460
1175163561735895099
754435174193896204
373230292
590607925
2052112512589263347
2203765885634368068
1605790649346429427
1368118435906467739
175537639798483644
454122913302821285
1429824828498155419
582174740
1382432360989972220
1445392659879250300
564518416965064564
1987858850107261107
811276276556788452
529847841
1755714013507064308
135120980757101125
1693136208252489628
648728138155259445
2203036930785681668
1510423781580850940
1767948747793213780
871483754024333732
920452572801198579
1369559740789483819
1734951901965427027
588323063
2140092795059212788
937554452888502212
362324589990572492
554244921696203132
488526239588237292
503037065
134760020930750045
551176647
2054908580015198347
1800350694878773587
329341718619470325
1494852739227289979
552483773
1496999015615314059
1898029437752964980
1690439030253928668
498695987059247324
543036965
2138721619984600708
424195769
537304957
384980856
872977035915620292
520101840060811885
2052097302906524387
1884030509266956868
271499372
315444337
752573099923708124
1433657103432099419
247403314
300643103
525390827
1382263036413389020
374159495
508968910
533369196
1957741058628209300
139208847590099445
1923901808598724267
1305149486593956419
1861141431691850227
1367286358936013019
1367024098621490819
577804581
1177240999310673499
1755111212044587708
434717882022672924
425248470662971732
1988769297261927987
938933554548498292
1641825025974712180
559851992
1113293405039892659
1923824884697756107
1370112249199114939
685171210033672812
1694019387482062868
588926955
5417202
939998428618289852
521360794664003485
306218607087663524
521360987070511165
984654565581711059
1928682737135074987
1694165349170864868
1178084327497471979
1608299565230174107
570422185
920409444499794339
1175256225718876499
443459498
589451913
2056271054423809667
1896541437745940020
310360311686969004
589052628648187965
427419470084248212
2117830161473876067
1757001704190026108
1757902297913131508
1641167791985182260
492505273359449892
1962049076785920660
438285703
438593224
1509705542624328460
872519915957358132
680705160287608412
1690306084565229948
625370939961760404
175553364809570764
176835113237940484
369759611093715524
1820761944927612828
875250778007560372
361953356963828172
918636423518627979
137904573305453285
324038102
391782590
2137986345834508388
454822733296789245
938256091256655652
753752746778507804
1239513479218841459
174599189
617900735605481492
500446119967463844
681657809962750652
402398282
135629057424697925
689843905932376084
1992167767818641387
586939478569150045
580438122
508705833
573843167
108148819
1114163928600607139
242865219036391404
309279240
753117256318286484
1949202669473395188
615293946939052172
155003375
2203920203365756628
2267023495931507468
984705180001228659
625040375046067844
472477744
499112982368897524
305094309297034844
1303398672005457819
406505665
264042670308644885
389459194
1302044311869961859
119324815
529048729
1692808062214770308
1753557990042287988
1689796877117165228
427306280
181432073
1306077423014636059
2076831525888913988
2118255218519072747
344701127
321038686
1543221586213039707
745024710495690372
587792738475300885
435259086271740444
923487828271175899
1435960125725951779
1898502926783867020
396780647107037365
1609482572153418347
2057618017995215147
2271483708965634308
396442512125303365
1433301044922276619
1431201954022247019
1863067454847684667
1820812408941887028
586852921
2051749612673445627
1836142737959106180
1641658297020016620
107337143
392745020532455245
169852762
2137286038552916308
1946322672133582988
527586362
744335313598492532
328332641309620925
1754704822350429748
148069138
123880789
983737522404465099
241153773550229524
1861808257574432747
590063167
178718808644327884
1757646294303449188
570731259
581863287
431863937914517124
354068102
178123572413794884
372552877058463644
680923857389515252
2010651804609076908
1928027118749830827
308861876
539968134
620053994851234372
746492662290502052
650135819983427205
2120053891761000147
425523967
1670095724805726427
1669056276425556187
538282897
920193829379655419
514033477
1541245835691204347
1897584868048763340
558522953
1445915815058196460
1303149948094085899
710533598747920405
435480977
570765728
1638134560809912220
196613814
1798754049845608907
432779931
94712740
1754351136172351828
1801571237247827867
1989773125804556627
372275708818970404
753559185502746164
558731862650090092
872594651849777812
1368961719475415299
1704226218002790180
262059610720815045
2118813739898318587
1430237248310159779
45211043
1670451777306288387
1988797303147676307
241409962739534364
520015843077228965
586462945757681725
1511887164000082420
67006181
201524484931447445
936708547612680932
1237908985250887939
1606574349591483027
500260242947938164
493490841
493490652
110702670
203289013877029085
371264260412545164
81787489
753278754960676404
1757749562749862068
682965002570002172
1576701612675492460
1798724756219507347
873927974874611572
584078704
572366864
584038069
494732950
423718916
157879941
562146191
180203201
199231942403569405
241650614320851524
1540418670831074867
570833728
582925622836230125
936683727901377252
1574905395176805940
938375058254754092
1496693411733431939
433905448341755564
2270544697453642068
1669185017577975667
1497979937662187939
371106094224636684
2053340432555655187
198654300887680565
1833936794663536300
553604415298507052
2014470864015843228
2204271221393666228
1643746917433805500
392720374428965605
987880413323847339
266646827471857885
2013805052545650788
1949580414995346068
554396947130807012
753368549113760284
2140779775515824548
443382011
2269274760914526028
243103524233509004
520216514828908725
538751131
497467806485530284
1432618545874688259
362392355320759012
714058173225743965
1690593960327938108
176851464868398884
624640393822829244
2052240674630136307
712498567418148525
586007005
623947550186543204
1638290624843929980
692175929243019044
2206351658031751588
2206351785719923348
692175929243081204
1706265427534879220
876677241585917892
1432050131507927019
1368413215615621499
393472523088022245
939027831325418012
1820504848345428628
1760545815526330188
305937827683989724
459912722
214955608
306611543
746668040793423932
554432721012212212
433967771
556850373
754894620384856444
2079626936197009628
1383804422896609100
170958990
1639643807550945180
2051833815906501107
2010618786139455588
1861606308542517747
1861708380982018027
139484480541375165
14264404
1431653694090741939
90772295
432892425315825804
1731615290401600147
365955751
1046310153633331739
408661286
2137879420975956508
341371001
481968272
177692075964073924
1988417716014727907
582991801306200725
1384475873456690900
984079577308149619
1883874628226982468
2201644696056454708
508674761
2079161200693833788
1883909341862802068
1496548661705963659
1449991678884505220
296794725
1756051405190749988
748841988228002532
2142535964172525948
1736793941336014907
1832208610411592260
562185610066745724
689658645188225444
553505720618237932
303574304979605404
1708262030977177540
1758958823519940988
2204470730260307868
501023627639528044
428195659139818052
265924452640118845
713153979667421445
1960295381013063220
1048646341501163739
106635684
383650526
2011606363232084148
2075360630879142628
1496517451341814059
240062929
371585260
89402599
197794866
323907344
2014169426890518948
190808320
308089668503087644
1178752478823556659
1989754561539494547
424605337871859612
1735603267196572427
1769686087076464380
176288509995547124
679942109408428732
1495738524467148779
987524623165389579
937890847323820092
310231985803658804
396976428235250245
652923425927071565
924370152357058819
647105444879345285
2138147723152048108
369018958433122764
554691463
181193117
532790649
577417692
450003284
51115380
1446370534899620180
420108018
712798117685438445
431874376212342324
179853769525561004
1603948685869416267
937598204203446052
1495556073270793819
1495620522387220779
753225405614127644
2053537872666472987
682168544171609852
753097020452726604
937790398687137572
1707082755449784060
811712357830910492
495725664044365724
689661562673322124
1604878266175275187
1766180996131255940
426268718
537373315
327120264
573540981
121991919
745206366381248172
555241942803751652
1510247006190049380
1766367924559288900
450060643
462342279
169306106
172310258
513287270
648821907849141005
1860393147066094147
1372684982667397219
365215950
391782458
464484704
394403865
2052030731462340707
1755478896147694308
1765900090983250300
1112775544033352099
454991404649273565
1445645112266680260
2141572153033269948
461758003
2267939840784314828
875233562468094372
1701618979799050700
1515305431244913180
1797811206298922867
920448910441830499
588662658961394245
489697395312464332
2140447426310667988
233332102
2139199444299481788
808321498747911972
219525185
986346527410862619
1370934706900060899
2116238771622208147
811663686610603692
918892075552818739
2203527246447526068
140806960
463548910
319495412
1434249272671016939
1237247332857231419
1958483988158556940
456390759358551805
1830062448005908580
2267016534572740748
1302795188819425419
2011454988791738388
221112709
404116298
616484626147192652
690483074267654484
490414231463821292
1895510078613453180
1947876661119377468
166294631
1603965089762255307
289659586
466386789
114658046
241141930890553964
499317331085625204
442784869
984627135071713819
1690519861968416748
262828375605807205
983560011887810859
2052543086824010307
1496457137123194699
165614312
22048150
2052406178925518707
319244636
1798957571081413387
1430518216176507619
1430055860475094739
984451689395374579
1578804069900379940
178012631873971764
2267647231862754868
330885707
2119151069404582107
572730236
428625188988670132
877642784002261372
2116736457287262427
371720525184784924
1238372815511583099
985950740859975779
1883089900748382628
86911706
1734747117354139507
518694528
461971824
136110424570681685
140491112
1860498472175157427
2201907772418449828
1240862959361710779
470878158
1543785520236556227
1958366845509192140
412002972
1542050001414565907
622852195081489164
1174141424943340299
1798255135212986267
623387873999530484
1754997848750194508
425056916300275532
922097197631949539
459740860029569445
754587540607515364
361207533030489692
627471178343758524
87809276
488621233235341052
550883405
2268943494919958348
1576659857556797380
435507380927269004
329454391514466325
1734682680506831227
625015389307275924
175442696
711031670175504565
478601072
2051889021940441347
16284948
1834391705768642900
560298629585168564
310071321
1637771400560261220
1578741160401233860
1545607677156405667
1387726665001092660
1951941512122073268
987689192932075299
1371704016389724699
1822578347516427948
2121835545731329867
1244155889549792939
3786097
560837555495819884
1542332542246269427
455987408
1446807932883446380
25300165
519281026337203805
446885877
178423885460977844
571052336
2076474269302551108
435236604
584727810545752725
583694529041680085
2139777847014658668
1369795717360425179
754279730833311884
984419805955041259
1894104815994440020
2074049900226613908
1513782437014805260
2010627684609139268
579604245
2055519067802697427
1894510669971752780
1640886180990536180
536550669
746909959933326012
394048448298624965
582902743
2077615096205836468
1959927413226752060
1897128043589601940
1513401708751432140
711389955690194565
1668740569630998187
1895908150928066820
559595008241383124
431853532813236564
650102117213886005
586697187
812942902866747172
2138435325431247388
1821255367993642988
1177850026077010139
624276037888169644
1512388190575973940
2206458224147223028
1732512407491228067
2013013260900978988
2011858936750195308
616523793911959812
1704895262984877620
683307133908488972
808909729316237412
647407767831210365
711976564342134565
2269480187296186388
556298941697462092
179560473470614124
1385777467723826980
560114707580545284
542463389
1495038777605068459
752413543248533364
1795220030853296107
507172936
711742150127068885
1494098641209108979
872956116517424852
138828659879839485
457534227706825325
1818439727604707708
369595784714635924
492903994367250252
1990722820138671787
1113681315551119179
1513740347904583740
1732100678396326027
1947005721874895428
262567183214843765
446569245
939081790419156812
433523873767737644
2140475523704065588
127504813
519708890882299765
1573584158427821780
163361556
712671914654050285
369895635050666524
180888406842332964
290558298
67840954
488261545048870652
578054382
326347190
491507576128356092
624432000448190284
1882103827292376948
1606948133558099787
243674259863845444
1734379604440301307
751615398875326764
1372069835615304259
215111702
487873888710091132
754884774589651524
571171910
1948029896105565748
264006996
1959818789163817500
1496126144560486339
1510799538597611660
243253108848789284
552572940967923452
1540768860098777627
433946783559051724
683506761767944012
1882000049316384388
1830575595138345540
175726602106374804
433700612038825804
1383098423304878820
432279484273751684
1240775423871826179
1926344189239288147
1434929896821135139
461601203
1576052887030794820
648614291951970445
1859621456902463107
2054051743272377947
1863556114358468707
1305872157438986859
1736951485253193387
1049364442259671699
268570810985130245
1756940587549401068
2143479448331890428
488594811458875292
356348677
271903676
153088576
7016353
110718511
1639359345285356100
303062865
751877272447453204
306724699791919644
1896645746691839980
570481614
281019560
1383227582408162020
752144565211039364
872794603438907412
456378255205525365
179851027
2269639574369537628
986257371203061539
291946127
144611033
360909270771126212
518315975412558085
274063904
744119754902782692
1896137098015201660
486468889
197992997415860325
809671455912333732
935954832004145852
1542123245692469947
330726168984173325
559491074135886604
165650864
1175939474263398779
351778329
1447938225142815340
627527671683201124
1882323338894041388
1829845179693721140
688514981904143964
560321728335591284
2266597876380971028
1754549881040335508
2206334774876356628
266682509771700885
1430465720792545859
140776426
1368150316527913219
940207714147910332
1733579992124018587
1495432498250926099
552294892859522732
113330227
138621845
66101710
428401280
1641937180926883740
684028985448824772
1450001308606679180
433960941
200149550
687974508344387444
1510205550021683700
234529579
455003349757016125
1640025353946901140
561758681482451044
241285318274321044
1884306077753909588
426511246026944212
2204005951223922668
580444324
1930223715014749907
1174205811627202619
560390458386643204
450355631
165184688
65425332
322890218
321790564
1637583453072968220
497350609302103804
1541773221192184267
222860053
1701818391114721460
360024583489154772
694362534069683764
121490791
305858358
361967518951493292
332370096018766085
2201725034706137748
105889394
551927730406040172
167507381
183704412
431959197980432524
369888397
55935475
1671058865791787187
2012209723440550628
542770018
1445803944590039700
13926455
424675222401155412
1046078560945694659
744183958428086212
230032604
351719363
1177268988019005219
433360859824748164
136385429862344365
809478759742042852
579182377
448935879
579755088
443265299
2201544896771800748
300288610
1923923008168092067
1732529928287367067
182854100
682533731380088532
1049791504219085219
176542843
74404569
2266434710440255988
1895249083477473780
1574996252349245660
1496781427260959139
279534706
366199167421878172
1574267554527692980
32494260
808904724286000972
1929390904892837547
252020092
923806997515519539
1304062676265237139
681558515531374612
623822003511548084
1757264864070627268
2076540957497274468
1860541222000774907
200687282109836005
237847044
395218713488390005
224124468
1366150544990586779
2143265391243910948
567516387
58368852
691816982748268844
921562506337024539
2267819109555990388
548384572
90820227
441892265
1832600809725880980
416811407
366660017127760132
1367484714680965699
528052514
1109834333211863699
180478405
512526033
621523261918318972
493139188888830692
150482373
1692300432858145148
743955895702556892
523074895
135236975
1430187928201697139
133771883
1516197416796989220
497249831519238444
504982844
200970050711988445
218446522
1173842311816981099
313294709
2141996608905576188
391170534
396593017
167132704
373025986
96909363
570178988
1735278082124341467
167199597
204502924338530805
942481551526040052
1888475314010451548
2080029946337394908
202219608099436485
1992906194504859387
1962122957241354060
424269688625181212
263009853281041125
1370301219114219219
2141955699855228508
1797491161563639427
2119281363490685347
1702363776469822100
1303516337864263299
223356603
345572501
1514014602116557100
1540728260588535787
1306074072723015299
748349082398708252
560899817749448404
1449507506380278540
1993152173722800227
309006616028678564
1449555230996612740
371330642167793924
552850505350378252
1112248902115154579
1694217522355969748
435894933463783124
138988250
55226693
1754060993805078708
413578354
1835289852701829220
561652967875365564
986533032869816899
1693146639978897708
433058135
231210887
56619129
1830208951033968860
496981237
2075700695516479308
556617680311079172
1886356482370838508
1672988581288010107
1864910810374894147
983188558108517979
1925667043942719867
1693986112966177228
1446267600524953500
588180713996580805
691863258862147284
1448152282299689100
812217345712321092
491122512
202008028781308045
1577216026615552100
458094151127087125
99019246
588584074
175591965927552844
1830562527919728180
1707811496561920660
684087457424720332
1365897310691481339
563201788815570604
1886006352646197828
499232942907930764
619686749578903892
492230103373319972
875973898065314252
936970154693435772
1640311926359787580
1799553566480540187
392823786474358765
1381705716822108580
1177254306073548659
686856622902155284
1608287249077424147
371923151819844204
2015967674404159508
1514496558502143940
2073289138775298348
489086645229146652
2205769812696444908
684623964454674852
937500028070019332
1605545232137064227
682112975747141812
139032617108548085
203826385709532965
1926916083789692627
1369207411257723139
583583785
1883089900618068428
363115402374316452
628550536472274884
1992790610610823587
564806466841585244
106472778
2119156255402180987
144681312
918158734351472819
226877429
306477343979402884
1961043461382932060
1767359884678686340
353205912
1734122021495923467
1446769229610834420
491580887478301052
1959648563953510780
194283289
1882561989010137828
406430384
507366824
488941108266708772
2057085424048058987
810632668387294812
2012066323528368068
2077838327082324108
363761135
2074829653018984268
456973415881815645
983824086912379619
756026042841053564
437342943026121284
809205882839314252
2078960654981644588
362988930483843852
1447233523496868540
437586477
590533036
495388306806872804
428865033890352692
812089022755991172
747780040141484092
939309548431491852
615955063835001412
560969839915260444
497224068
583347647445469405
1178485240368076459
2014515839873855748
364148966660452132
1963361114903603940
177336321955210964
2014105426047705468
1180307944547952819
588775921195935285
2203748877831753988
1381875309962476020
983716351572613139
1369602075701115379
326719819975420165
1897103640479344460
713401454005765965
553519129644449852
172757374
264248780050275085
264715586638977245
1861138870115831747
95059521
2013474735760908028
626896327157376964
2014693331814268948
586221149989770805
2266560572370669148
1573328241804789420
178614547199433004
329626818658413325
490613074
650813569699027685
315344319
560709106173937284
2138143836977798748
451213633
550085118
391430092
1497281706169682059
713360312336062085
304059299192448724
712871123518818285
752484099121813404
1673271863972999067
392069735040108285
1511634341897492700
1115269631884892779
1674526641462980907
204797359044000285
1308434788363622219
1824480928395050548
1307399991738747219
457518843065432245
987901466372065539
752225521265076324
811933766327407172
172432378
554001926
872776729567199572
540398634
199353609
90315565
141489352
548051535
621140734775611932
1926051477581959347
531803492
1112460581740554619
922068628467455899
1451644000257321060
2137755413111206188
1177686849985300139
754389668089780244
1607300254117879947
1446623899620792980
571097259
1382814226050283700
572003730
2079675548857746148
1887322908161527388
693366371820160684
649446136205605485
1384858437489101300
1895818214759372620
1541657589535859347
327686675575076685
1494419295096330619
1881540068321190268
1988729640472792627
175672946734249804
563396670146873924
1495618030909184259
1540204716435406907
876677305009488372
583967758272088365
459060089831409805
1434571366297364059
107241320
558502791
572304388
365596895963758292
2052725801538817867
2076547495936012348
560691369163045284
938104007674868372
198809325690251165
461934526
453506866
628418535937275484
1823483628671561588
649403140809161165
649403204686199365
1960342075926252140
649403141003331765
2268440695394132188
584748842550052445
108026630
9347553
1990591140303433987
590739257
131458605
552185215160328172
1305067336811591899
547512492
109026817
226284312
61571347
1946974279207375588
982762269867469139
1305106459655731699
381735424
295379693
147900641
113914729
288378707
120019165
299516431
552369934393127692
235486931
286864870
105652680
328977093
126580430
225502912
106348243
222478185
586809494
1365864052706847459
416365243
496914570820081644
1638985215273174860
423884266199396932
1881827047185768028
233359102
2201814087545274228
687776661514348204
1365886782642227419
1958174217858119580
240086517585086844
1859685920657952987
1829900037087180740
199355668992210645
495748938853627484
361988101081259892
714664350435334445
983683552227952259
1821202524787704148
425426962951442772
472932539
489275618701894292
230416867
326689372491332285
1731766931414785787
2115970652162060507
500796847
258879228
206318050
1429882113230734899
221938062
1510617663475825100
249955189
936879408083443652
688110544698291764
752376649107420924
241677466
2266483217666019548
711039162706336485
519896318823266205
647973159990893325
459329940
743970501083083372
136444940408122045
1731736897746669187
237990083
262591856762292845
367706526533966324
199835950
389077475
199144344
651230535762704685
561808188390713444
987960940293417139
140322010726323765
351322180
179633600948291524
372941709
757034851069774524
619591740267549212
627055462927816724
2116546235177566587
432776171524675564
50332083
2056550831182144227
557178725
461233654747122085
553488851
1702864830864784060
1949732730573078188
683149830996815412
924363452071189139
2053773272027066947
755264945651656764
1704849044299561380
940805444071084212
687618399192090764
279673797
323501474
1881781655801111268
688174819419613604
323497218
1366397719574579579
1668136928709173307
689468931026601964
1112209393461913219
2055784595913331467
262439918159038525
624744197290604964
744376265216028972
1962671569737083460
499792152
490619559697724172
180000624474056324
1436518116737034619
1829457653755730140
1893936014444329660
177487007
456331552564148645
1512653121731164940
115266818
124943660
87198401
754338319480469164
396031412543412605
289515711
2013010546405940868
1642715658263725820
108831782
1451903025432177300
1116085091737487939
876194265540453092
1754655157153599508
1863393223947153107
922052331953182739
1113908637752740379
363530065594293852
459204432536582445
1302992379892173579
1576912702512794260
619260904660816052
651106894000625405
20069579
1303077408192112819
259963763
1431273555101522259
24186794
1817911915585548388
244359681
329643940993992405
1544284427598471107
203688612016196205
354070776
1495201958281227019
1638376207072041460
108586670
616311841302823412
491392543401050892
305839161558780564
684097146620424412
563728156069504884
204284682468563525
652597962235255405
1446802191907911820
448918074
1446812612475935500
1883358754281340828
186193576
360386124990124652
378571892
1818476998972038828
988258856093399139
221347199
1667948595044958027
1540445844859547187
872676131758866892
1110571777444157259
1509795413456313020
2052477370979545147
1888207245274390188
175423121
2207952344790827108
63079964
279667192
1385003378161101580
616291417854493372
2118495095582241467
244754763115116884
34769832
46155543
264382921
1668114796553924387
751689069211982524
1756209941268082668
1110593703981741739
1604196860538093907
1447108073343764500
744587449064415732
580399050
2054610797805191227
2266644452670558228
446578863
619870263248146292
744350951728525212
1859725929285890467
390183679025547725
442690256
64527762
20848606
580946596
1638671762767575580
1959304260054947620
753212066299091484
2201802142309634828
2054312976488357747
1112971827576904179
7282129
1924111848367730627
1637771374326670980
1429933718507326059
1237875028587202459
616090078515249492
176221518444632804
589136633
323497504
180996694443342204
986159966671595339
519031295225923645
135121863454623525
337282825
1768117049709823820
337266459
1644061259443394220
200923565294679645
2268638493877198828
873052735722892852
648791946847300005
1832675119822858260
1959600786449521100
1831653316133529980
1049899886221751899
175424473
808833002445729412
114004297
263080486
450315726
79672844
10373861
266055380
1238609047529400939
1930293173342998547
374348872298911724
328617396827285805
620169815616561052
2205783391105938108
1668826793736429427
1818532131753627548
1637856127411701580
1388437525952583540
2271948382378548988
454695835
49572933
175244536
189194197
24760010
287376991
1799807152239136547
1305317806495672659
489592806
1306058937785251979
379753272
328638315699226245
487911075
243102182829512364
57967287
570196901
306916572969437764
2266538247703277508
583123336
1605126497958494427
239192061
1990143750200558067
1174119250323977939
1432011668265831099
303042990
1926339246247006707
290691806
164812804
9113229
1988118964958241187
1447237237238385380
873263143771554172
239382295589648484
222836136
434952323272198364
393964108356757405
292301193
328747325506935085
691831304968362044
360643688743370332
264299821249358605
920222479500277739
1705669505046783620
2078358211419271588
423646039
1947900827584278788
2117514756830179787
358892731
1242486954834647819
627280033137772764
244848328783735004
360044335198052212
2052219188667343507
1924974809942888747
495681667393746604
1819086187752153388
303500385589971084
140310192
210958363
275108540
232448775
333551879
292044361
317593797
2137879293279060628
115196792
180955069
22942719
114662530
142327959
744254469206085292
1862180225256665347
2052415021825281987
521283831521654645
1543485105224225427
1947065429405299188
1045994305707530859
1494260019481589779
242541402796345124
450081054
2056644767663813027
2203741543935479788
1430260176225064699
1543052387479789187
1795702939097039307
391424800309540685
711929504604309405
389192731
559496185264440884
352565196
1574046460332657180
1606425599294128227
1928323743711941147
1177225316323871099
1734936038184030547
939163186137218652
619693121977332092
364336777923469052
920977370171873539
277100800
561883564729288524
1494034576714332139
682869331137994452
202603086
581630663
1608294273445039907
753691596282578564
426445197
179227312947698324
434588163
755699351853574204
1957931067096566220
406345626
215570885
147495277
322700633
423970558029463252
1795996277396696667
1800096947311526547
393309484976994765
145950659
152364660
2139073132929098508
1541692171959227027
380714014
510392795
567325473
457977544498408005
937221883013803812
1799950275563737027
1693933105498493228
1112464140051834659
690391099448018724
808777255636877892
489045392753467252
457912688411899765
681023498522243052
1434271496119839139
1449937135095572420
236858943
1832018436805663380
1113249096037181939
2266507236006945308
563389434839352884
151177434
1667659345491222187
2203393141105267028
524599756
198668201624397445
625724104109103204
361434118574047212
1820054181283975068
367929260
1820036579442188668
306254168010635444
488982480621822492
1830905697270262220
743877146791411452
744663823549960972
687760927494334524
1606741185209765427
469202075
1177711274718054619
691021663280482924
1927487232561266827
572557251
923503735959747179
588265157778130525
812190749287432412
541679727
1604089380646473627
360222008129032292
329362905332168245
1370965585064867419
2138113464584531588
1447969291074427260
743991501885591092
563349191
1765963322928282380
577609193
1576844378724832900
203401945967581485
1671886509766995507
559653278
1110936503528438299
2055393958876787107
2265815748840276668
577472312
2137028051427319628
588241297
615944153675784692
872053610619338772
158612366
462727147
585236221538740845
215406313
1451916156679034500
1180306813662382419
2204348211125894868
1799134857243250747
1509844622760171700
183930835
1175109428422399979
368761491309184844
616553625023721812
1770391504684226420
264403631532467925
376402789
184136230
1450273470801213380
1367388906710005419
144819735
580200232
1575309718832138780
937497427354243052
626000436933700004
619016512358183452
920662180979988499
1606843122999553667
456671785918244405
2140847570147545828
1991629191178559667
1177166370701998539
551693760
1704332637297674260
458642618513885565
1433965415326013139
1797801896571506747
936666415426404732
624600291354589124
524924250
1863451966481543387
754934286272723164
499136615
938348336144064372
1446990371753994500
1576423977338911220
1670352946484359147
1927013790910599827
626181901786241244
498695602280126684
1433855348651633019
175648030
577561307
141798762
147292609
51240777
82223479
85266444
70099617
76206580
89187412
2012482614636146948
2206308426671136908
2077563864113164628
198776586778568845
67889642
226466847
810725300939251332
748596399147712652
1498361643406080699
1673254282378661427
523773589469702605
922969364827945259
618820252507615492
1436301660209183379
333297614268053325
430196957439065692
1430289636260648779
2140052342345453308
532481572
626577931841890084
530614642
615806589653286852
1604527078352007427
539551825
367938503071032964
1641323417783450060
555197620471181412
453273124
198414038911945445
304004302336620404
447347334
1704643720192502220
569784720
2116597063809528547
424694979102400492
2013788681971867428
2076310263695412828
1820941040579248868
1045920996719134459
2117507268616388387
108448380
2268966945381409468
328271708762732805
541232327
576875622
372042004
127741811
262300892
490403351545946252
1449066486845491300
938927062166331292
431860735511414964
1801962063396794067
1494124860864686659
688796927669295284
585240321
1884958246361510108
680495483749220892
177714389
92610246
940406557359358252
1544015795449827667
1303481570534205579
1638486580566763380
1606795010581557347
875655069129653852
1238715140380088219
586824550766926365
557436452
265383783261005445
205850810
155063834
339305672
136510609
345253022
3116229
1541885377466053027
164983554
1432093437167790579
1832539206482955020
1305542572359833339
2075697251378761508
2267134480633929508
1610333019822276187
213520920
1638615612426085940
1988317669679116787
1959370311339140700
422723659
2268029309645877108
1495928247212984659
137033287587252725
1895880921968487060
137240987229312925
429567546
1385699114881075420
498192987771479964
751660911546231124
1241090845719070539
304755464590383044
204498477
813926396545954052
585589908692752805
1495600970609817619
1690341718529241028
468587685
1048246833448887859
521662786332513885
1302643646097356739
540250477
2201985985739747828
652999425177319885
159983539
544467459
1540053096234999707
233807546
125864592
348951162
537360684
937039572207603572
1990010244042456747
1946683238530183188
1047536749944084499
131988597
390503956967204845
172280620
138306205
356745990
2201685540989534108
264089417752172925
329606452711860965
1575639038973163580
95782653
104907880
420291026
446579178
1543838630880247787
522675963
983176640035543299
197441270
304697476780509884
1989654130158133027
497595871532898484
627210982088218324
1926601981305130587
1818545009016147668
146279474
307166743
138250051773916765
436116852
2118518703119781907
588661110
1796237139247177587
2010292748650467188
210352830
173946596
46015886
1110599872742513379
1958744572149155860
117268527
260672855
548237328
1795695050641481947
590048806
562842892
259855268
208315333
222889084
211126015
752726337848920564
227163110
531765795
577183467
1894796857724140300
1576669510205082100
2138999661391413188
1926202528341393667
1702241780398029140
2117208816958455827
1639052791240857660
1706017160058828380
136428861909613005
493013101084926252
177190866240764364
521282166852532765
1819072102685892228
1368204400958085539
680468085654782492
2266005969478095468
1445902050096854660
166882062
449270722
229302822
489595255075049772
461891986
1110724972255242219
171790501
1961333572807894780
1543820048582341227
755514206379833244
1574934507092306620
552368592928367252
1574448903767316100
454494879118506765
1884866528211857308
330900719
918047783506217539
380356518
616603059366695692
177423796283603124
1704089562045696500
1885713689152339948
1303328715347302819
1830784030468495700
112753181
568936481
1957755856689224020
2204020019664048828
1926235133527502667
138109733532924045
307150057746151044
243171175048853084
1577028418111683300
160698494
416544198
94304594
712760489125832765
329707364680587205
751870924021091084
298038583
682830278617178732
427024193024520332
690580983577627164
119109915
177945933686380644
306420949
691369295843047244
1574319817235875500
1541373093486214747
712122017383819445
2268303858687111028
361039426407882932
472958162
111713626
83014615
746296425166385532
234925564
580259514
1112981659312630059
1961736956535572380
712868515890162045
393894074613541565
519666340697217045
1693376381386784908
202001724517402685
199864947461761645
1496983729544243939
1946771296863080948
530636019
918761523991603179
211508637
1949073962576724308
751469650024535684
1884089384767500428
1305911253334988899
403005516
552802928678100532
1690048160170468068
1447742106873988860
1991131414968455227
135088271935494445
1947782451728396228
314790737
426991936488762972
191167546
145684669
521367298
511245525
199506502624200765
75783975
119868857
235519475
713316154027076205
263779229207189365
1958399720991569660
569468718
531327750
1862354029622612307
2204847966062112748
1447529531209062940
2011110561670156908
200601067
488374686429438492
582641325
146635530
1382153619499694180
147040107
372004002
138463758581786605
2266424877759910148
1757260029087878908
362462058528264132
146743058
573075354
715408208988657245
757396336910096684
1756950861957889788
364365906223174252
2078169627166895668
749178939947119292
365306711393186452
1543430171640393267
651940537703758405
555084327771738012
1991668705943154947
1896632810635233820
306418031482701564
619088113504121572
556370774325829212
1885302057765940988
497392133966936164
452825675
497223045901216484
1883332884277895148
159477681
580872245
293836214
394664487
423802975165121012
119335115
1988598305785786907
151885511
305491777089132804
424289909432942292
939559162657492892
200393607737616645
390816607472686885
373024131
1924031907685798667
139164781
228881066
223313406
217008677
139172937
1702220447272662940
691872925336520524
1381900461009213820
871895216597880892
168172219
70035291
647554603720504925
1864796944695717667
1961680646446028900
1447950401673471980
2077692710543208388
456647498545219565
490158228579151572
392408606961936405
2012256652196036188
2267976171906653908
713265357730781405
522144203503622365
396664015
1948958317984391828
1367492575947274219
518611320
161604918
1753651895169343908
1048778363636787779
1575870174540237100
561436186921273124
1051768416290908539
364782399133028372
1964002296627211020
1733233887985656227
296393296
2051622682965557267
375814067
490994684
367460867
444752764
366485198
289780629
559865671309891604
560115823294367684
273333438
279311130
2268457787342736948
551970615333589052
1447455938043750860
1511127894142801700
328972748
2075094999827857588
1947703099120815988
118543384
650833205012096725
1496983188015892219
1367029148850493219
178205801
445809535
616084533566144092
370201930552593044
165242351
1990663326129656347
575350613
215746548
260166840
237053353
227786981
252143200
808338441546965172
876974379891924812
1115551125778564659
500151329194810004
1927931137602223747
628302519809521564
448903082
487108498
207424568
131066627
252293399
72605989
313867982
113251481
537448677
423989391475536532
1894035604448921660
1945800520603148188
88023951
331208311477479085
259332222
689396092756670084
712676898609465925
1495931716373718579
1767624252179404420
174774092
808611660854711012
385513073
527133551
686226669238485732
460849917176695325
1759071897963757388
1759009233719656588
1640987931413903700
874735106907696972
379788269
2053415675815231227
1436549934842788179
1388385584543897180
201224162984065565
2270134078138032388
1860253598396919507
689523978796201924
107748663
464939210
433577378622286124
73312764
2143464147674083588
295472283
202466409619667045
1991960742160007667
1706530696834939580
156238256
571668790
543620939
1381709184921856020
133938924
2119351808681832667
938498392063230532
221501556
710860923067132525
241484117
205732466
1860244944933204627
687879056503732244
44902591
104883898
44893836
1765620935650068420
387130631
57514702
210032675
1303124601018070579
1884807756037316508
393715206468368285
90454463
356788291
561092011543578724
1896138342658447140
983292150819440819
1304380592509491379
874199120183161412
176296228
586144218
255680828
369295972729903724
369299171974088564
2010829196710760628
164662698
1691354998475665148
233688282
689722133585496724
495845871067326284
131634918
449024414
1706027490280602220
329160432589973165
390419763786000845
554171422792363772
369670239294265924
293278871
1641377447333140940
225891554
60148915
1238194422974352139
370261530
198388541
1435476546240255819
748671650323095452
1114392707762985419
151958403
213993145
2139759082652192828
449157060
393766402349840085
392748209871427885
285515322
1754867138620223988
544090117
518408747523590485
1046832990623446819
360242066
367800601178548564
414707516
2117604150564344187
348922427
1830431823558687500
423289175430910612
1574298864509901100
489704043113153132
518974853473491285
261623722
582534805566204165
918935967835166779
1958308110564873900
936407065794732332
260752587
151336304
187053659
561621694557415804
1926653084888547547
1861783242698395787
427666852307095612
1512484280973691300
1384138598083348140
535229314
1240380656573061379
1544023766261424467
1961067116840335540
2073605050205749348
1796247278121750467
519019317582362765
488189773136454132
10031362
87124732
91637474
170464106
184558467
65221529
139722136
347995309
240648159
2076180954088583068
455554113321028325
2202274575586848908
646982142393453165
261667896
808342929585426932
260033787
424277437840146852
94890601
423646667
190134400
210320207
171989226
171112946
190808676
624943382366869924
1301884854735472739
507316749
547103000
567422877
580699826
526839565
710421126104152845
559642972978571724
540845515
937771964823478732
188466787
1575236401995622020
224603149
536650181
1946800786758504188
1820792747162104348
390632212414203765
178737785025337364
1174992598415698099
1883849093891616588
1923667168750726907
1431787717899150899
1862149395044406027
222416883
1767643469206456060
302348229
1894383708727941820
1735475521984995947
513871588
982470150281328779
1368029287521024179
426383734679560572
1606122624746775107
1668508731430698587
874082970648829932
133659528
163606266
560018631975368524
249045694
437700081
173783474
1689664614410723908
392338904944503165
1948754022145199988
921157780659620259
88190330
1989230190588756547
231383767
555448957172847292
55571422
144199305
291290580
143345711
352664657
1430051356887131699
625555879267560204
582136097
1670005428599369627
1446564151085619220
143078514
2137871761013772868
446309669
132762738
339263793
341277043
135385970
554245113966621252
583835396927841885
1305597622183904859
1447670605104793780
291311356
1897606313187768220
430450960
561390011
1446685599530833940
318441648
1924185232408937067
1496691544301148059
154994812
274776754
25079745
151766562
183674186
227327128
232562202
1859859984258449267
555762388
582771371271768765
1796173347568652347
1881955260123742308
247200458
241375440
1445985819669965340
249595649
917850152879585939
1048654521591981939
18906991
437315369279392164
2119312010116293187
1897158848679762100
1820609488885342268
646975999723198485
345638728
290115109
711702477168932485
1702881574061434420
808816534741450612
583971308080502725
391731019287087525
1896042996477163460
369268710671018444
245917050
302417991
1445950534683842780
425545073
363124855221912332
457963904901822845
711180923233450205
2140714922485240348
448283160
710469598632740965
1048297732544071299
1447624141404702420
265054155321882325
873964197228470252
1515767623659714660
1449430042578155580
423881593406287932
262759979484862125
47404824
164331321
2138442681784844548
281980577
328281473825429085
1176565509709731979
1824530482726453348
160575933
2271398499610903268
1179892880554015459
621956853363822972
391851444618492085
203838994910152885
181197278430132884
1959054655350343220
2054697845653720667
1434803601589750259
985411920050166379
144094462
875495152766472252
109597423
1114073120953395059
1383881171213486060
1894071027621631620
2140739567559323228
393149449590401725
517866280416897525
209768918
135753995
45786775
418552673
1238583867694294899
103625806
105277699
1696524231394152788
87396675
1179648051377981379
525335905
430201267818627012
381393769
457391467693082205
690907727348640404
381662202
78823163
1731960460097220467
1512977485411031220
1642268155066869820
1800163104391364587
2141662432562925948
1733468034654507787
1820332027624952588
1796835322000130667
523505585
1177410905162721219
1669984045404991387
303521144883369804
1895584222749461020
515013146
94988831
1111960529517844779
197224814
138973465
322888116
199195956628097685
456025436471179205
1950979940200337388
361836093251162372
985718252057159659
1988214056816857387
55301335
363270564651138812
138644791557024285
2080401359184642188
239646475640326124
563546756956084164
175212820
520407607556143725
545801262
2266493185722237148
1831182703436974460
1860151770517516827
313882932
306353025667406204
162366258
234534482
348450353
2116509039454916947
240538130968296004
435992239
165256407
1734736893417586787
1734416633852284987
1383048467707361740
167662899
344900915
257397826
448097348
447246445
167197883
84277658
339249802
137212753896945205
2075412377556144468
982119940512860019
321083565
1608101252761080427
1606528963316482827
90067610
390760339654784805
755379283475810484
1896030241788078100
59813610
115745043
81740053
152153662
181276680
231842121
112039887
680292727674622372
173858213
1046494933398231579
1862633234371473707
1448266247546480580
498525001048685084
1767814296048282380
369783292314610444
140140060
304324993
142952705
2074425296558378548
471290621
360508189141040892
616232840188465092
378700522
393102839
280567364
364276253065634292
1768867117619313420
616185374437936852
136827172858865565
490450784536522812
1989672241424908707
745022654605852772
1863039386903851627
1733841611711623907
585349823142241965
200725455997794365
407999288
1754196134415454868
618457964729782692
1446551343162439260
624726710908607044
563742307
258119903
246350673
545500301
307298139585296764
497867171389671644
77528540
86422713
2137766632586785028
7826843
227639268
354934041
92866182
187046698
2141435936171757828
648633478423906085
334360948
215045882
97778501
148319891
196901686
147190472
146055952
921551551264123579
423988826334851852
1608086775315366227
2073479753516678868
1110592069463459779
140350496
1692937696599565068
1701916812269865300
1925843505051476547
556025583045476132
2052851963784122427
1768982832162190900
1514515815787059980
918205587589376779
1769407334729104140
432906583516206804
555708900921782612
1667663657437606027
81540023
1367334561945344139
94555070
89248615
484503555
409423583
117143067
250335228
252514006
646949723372897925
128540519
559879467647391724
2075438621445398068
1511510519082220260
875020669015826572
747910133623529212
521164797608351405
2117187585837866907
2055322092058636827
1766094734027274820
1945669106135011068
2052092178350686347
559621354128943004
1882167535517688348
262497924274592285
106050126
625396715129247964
1925661943052586667
1830063233451448740
2203182297001340588
418894831
878731360523210812
455443705275378325
940802307417607892
940677893528850252
1384446391236127260
1735327107139842107
2078358211484786828
2054116708947181787
1385682528886363700
1432381680208374339
2011326113976045588
1510839301824788740
410024063
177535154
164832810
90907641
114907879
433797428358415924
407727423
1820176928910696428
1176975395888240779
568382109
811888024089935532
1927687030882541827
1640199324756776540
1798033483519643387
1606667895786037827
64525870
106164211
127513874
283902391
17958311
425920462
316254733
1432740415810099819
501388650
1381597987870218740
1047534038846986059
1989112779350213067
1795885698989212387
495384273684424844
1733189887360483267
1894702352249456820
560517582541195724
1511570542421494340
181650382
2012154633327075308
1926101461963173827
426148273867005692
358249407
499408939690583964
175508149932365524
322397717
113962077
433613538858440604
1511698927310736020
1817946489076584828
392084923533851325
179202452
348685859
345575442
218547428
305379066067339844
985121272111995659
1988218254704816187
451570625
1861721732346851987
391245038
1704972198711614180
401717056
1881610946764669468
1174603561609103099
434158932340886244
178027310
19323087
2268934380996599628
1757465180667322508
1302474422291015499
744060585021448012
1670515893032972027
1958777706462402260
984246825243248979
455832247958145245
393782337481140365
1819107483392421428
872188559842086452
1959912081478851300
175470535769974644
1671474148335525867
1111379068311623339
984788532173690899
616454834830999532
170942619
411215394
226687109
382314631
166206020
580708837
490145743
543873129
1766463347067771300
162717879
646611436965648365
455501088736262645
1669093001812082907
1494555168067348699
224918289
811011837905232332
543177912
616166011077066292
184271059
248599849
218816491
684549489078670012
1823875093685220028
2014223969854701588
1242507485770127379
558676650546737692
262626246633109285
1668179677661503867
234980018
175041135
455015561792805605
149546836
939238835404848932
1799229934594039947
2140368231450227228
1821575792799163028
114517285
1640605837379102300
936261986723398252
1369251665934632579
1754600261200478908
565683917703297764
1691715875295919868
715673232567547645
936854771698593652
618855780752187852
108437967
262547153425987525
194427494
80557464
983560720081049179
1431851415506933699
392469636
487195730
1432775754232105339
754900232968996924
1640697347793725580
584037932119947765
75218373
872135014729367092
454991276313831605
145435688
570119216
214445475
91718709
165652982
81205418
1831144621272258220
6669016
124818591
200364326
94269966
373394327
31561134
618291606891692612
569743218
537368559
178411402167793684
475638071
1448600914706483660
586288888
982687677941811539
476378936
2265094301885104868
464996975
496843208802637924
480374414
147569774
1894100243831388660
330459542
242503430
1949912697694609668
380001328
50687676
75861530
81389696
18046803
581159506
31302956
407215172
49669482
211029216
70653524
1174187097908173339
940264665533878852
328165212553918605
450590882
433587746397825604
1926068715662492067
1606122058912678507
241474718941681324
580666067
1605983977692581547
1754373160331132948
2139034906595995668
1432342467940444019
1605210871609827347
464759218
432781259
352285134
175854703372273444
98167165
209507300
2076556460579811308
562804466728229124
1367590436497521339
576759516
498826050937554804
494806576
1692633470404539148
1366460395934628299
424741615
1896885628531006100
2053652148504711187
179095130315945884
370552728113854924
921306886085867899
422435937
203580854760680205
556849600099294812
1767769069109217300
264985246536934965
394844031666776125
240821111049304684
488806848331702932
1385368516683724420
360211751210626692
489546193724977252
2077797658732412468
2012051368296255148
1924282388626424547
1948732880988869388
575190042
744400508250243612
810689995431309212
396326419885267685
757585866473867084
524362443209815605
1801786485800357667
1371903272946144819
202294754782787445
1769610038970234540
306251289532484324
1770218033102345900
2143627840255807628
1770436189483141500
685071632176341332
1989623487502451067
713512033986300245
1434478914363688899
1960313326912788260
1434490032709191979
1113154760553502299
810562367802437612
619101510604460732
1733259416776471107
562811570465244844
744165657627492652
1692965931074244428
1959877880267971100
1176510304182323179
875944716062359732
368834911154223884
1757070549236358788
2055689313433428147
370860594696649004
563585763690829684
744082497641909892
1045928135911208499
372621382715623284
1834642960663521700
1668456873750949907
1960479110266869500
1447742479645481180
984313381970483099
1958041265155000900
426883592166265172
1767949497262971420
156618560
264912926844381445
393516071259224765
2140300987933421348
1668754201324965787
920727063650273939
919545642611804219
585253609
1893750091018004660
1864967290978480867
629728553608219404
1737372412604244467
985530805257369899
1386112150228183020
289569875
1993580740551302907
652558967815379165
496361869440313084
319192964
616362355734045252
182109560
811532471562206892
1576998160079882500
2205162884219015148
1705486239686707620
394839107097667845
306257332106820004
1432324311735409099
362705800236081772
1731666759551356707
1449992918046362180
266415860030184085
201617654691825885
1175710845114480459
812081846099587452
200695685105117565
489779490002788252
586606186235050605
1432433803942001059
493226518368244452
1951092941939683988
524297789469538405
1371917540493322819
455401003108624125
1945867375655313068
809903127155659092
1866521742391247627
1865346481937604627
523557356380329925
1829722627858872420
748154956221673732
1046373635053701499
1926100514243248267
1734935653671333427
937930370344272172
179571170912324164
178314149122300644
1668148623984939427
393974853063911445
2205067932563713948
364550476230070292
877329476745696012
201657047486163205
1926100706841017947
152046606
198457179276458405
361177037691011412
168985294
390766799277901525
59189793
1367385745519504059
1637741068891391860
241245280975591244
576646577
2077358473687093508
1513236603242588340
1494843082375854459
875387765642514292
1050033536080619459
1818155271272070788
1576912702447605940
1241711285153576859
1500390157297448899
981314522241198619
309492081792681604
492589765157384212
1048778287376373459
1821757321512665068
1703735788955514820
1884707685281783428
397192228666210405
1797459233343439627
686846944714125692
1798573323434262747
1643088730740296420
393777407739624045
623940434143073884
616812697575616052
50874884
498269126760495164
686532900137766972
99626039
175940754348468724
303596891950639324
295734564
523875792
1641863515577456740
2052158861341114987
1859916488696701467
2056820285306379867
1928195741595721507
1736747875489927467
1609293827048193827
938023845769879092
2077816184744214708
1862908556309700227
744281399654182932
583161811534956325
712208786630129965
1670404417814745147
153112910
1430163378389698499
187323166
332237167300204245
2010946953690002108
750665485618532932
1760346725493341868
1606806705536422587
2010065136587480868
648298244756609005
1947143837770006588
263186343012030525
2202016224482910788
88946227
615888925267791532
65765716
181017786323420924
1883332261208157828
581202900
682511045669610212
363002543598108452
576719677
936970846264840732
171194870
2137820600212614708
755075677916371684
1860981535539704227
201956379302917965
242880978306157324
1946988270434930668
47247349
1755180252256103988
521921170
286261188
1893749140615403620
39193301
531889595
229519602
1949573160032227188
1446088730819902060
2121538468175597587
1671286304647282227
683417911134871572
2206460426195775308
521688185819776925
1048444424364718619
1924310720783332067
648540098402576565
1898397705804094140
307828733898061964
1449181754762209300
649622394085136285
2203565641375633148
1446583729476905380
524658837792365245
2270781008415204028
624736916526639084
1240467323724728899
467827514
689450443240556604
207173388
583447194130294845
582537328484296965
2075420737294081868
561741123028957284
984580199727729339
390639687368197845
1177108263789188979
721560
1542507956379414867
583655832580593605
184987893
1382440016199321380
616673482106806852
1945883585325641468
1111460037643970819
1670686809097597427
1542507700230688787
584779771
431919569849616684
2205175691923591348
2053587389836628587
1833493362437458060
1576193844842137180
1704344693914532500
329052379768305405
874066935338811492
265148645162113325
1432718545345587459
1692067092960371428
1768455611609425660
1820437801230327348
1432068437027523059
1606435100438416947
135795368821663605
132892003
182715799
1433345697749146219
467753797
2054877860650713067
584683299633301245
983936329631774899
1883587209528762988
134477044
1734775538116272747
1945603206171640268
519067181511952045
575566195
303811862725453724
2116675810998592027
61476329
752414560663885364
1754601624969106108
1819698036406468508
1796588768289169027
142642317
561134979910067764
585898573
39079970
585210107
1957391222853949140
1732089795155325107
1946568567062520108
164572241
176450091
448052106
937089061239304012
36450308
337359177
1637794631967631220
1510563829542061780
752202993664170004
238933802
808744333811494772
1668489029008928307
938818332032500372
231878862
1497748030918564059
329150259451706045
432711978232346924
1900115485023180620
308324712913475284
1514541772403743020
565752281719158964
1514541835829381180
267336434313448125
498060720872392444
1928654973779468467
324312242
1046309442338908419
753498147755301324
122212357
58996749
1367463193386609059
331966039
2271475157321002868
758030459095005204
2270951812237181148
758244480658315244
524326947939908325
432943961571518084
1797531424819908347
202850800499185245
1639123770177628620
577835331
1670969218664890827
746900606286999372
233378496
564501877
202125118613960445
1769964776765920940
580611096
1177420579408251099
874778920802189612
1607837132328910427
522145299915250005
1112821633646827779
1605387542787350947
746525977910751652
157760421
165941351
523222192013645525
1384014460137604980
1946820501862371108
122629510
253016505
391138747020826205
39940299
547682398
172390361
2116671724658536227
106928734
2117513521428471587
381132841
284145714
241996325
179183984
937794402683441492
190311264
419972527
443449335
243297814
2056055302518345987
404751114
307312237563378124
1759614556555992788
1608431751913689227
1928813319099178827
1514329083145471980
1834775490421442500
2057922018664050347
2057481396638200547
1894258381106329700
362893536275484852
1821650455130451588
392006494968818125
458597282488735685
370618254086129884
627465624044242524
370664361
578607567
572473749
453447048
1754471878864314988
307209475941402724
648575182481476125
2265684254910148748
680663054434619372
330427155771807725
370536092383155844
177186673230936604
149341378
751658826581469044
2117514949215961187
917963037559592579
467401319
583203413
1821771939415727948
1451104039397714060
1432410381468252299
524410643225299485
626338731001923724
1732051915059355747
83236769
1897410452814142220
392147378126321925
329214003750569925
71817607
681965244415619012
433900463895988844
1174878057625774779
585174655167105485
1606505168682733187
1959948640989869740
381950375
2013802443827970668
1543333461893541747
1576116453013330340
1606168479904473067
305205393532852684
1576317716749752820
1175251380361717979
393499262034029325
1431704112440535219
473451844
1883602407456268028
1640247861784381020
246921124
261197020
258666967
500116695
1604916262882848547
1861047872654839507
231927728
508611989
90918446
626839541225867284
1609621404992135027
652332851492768325
177247068
585137492
2139107948764664148
617306628317868772
2077278636344843828
1497329722791679819
1638923316385331980
2010376067597406388
1962063309545871300
1950516773129187988
1242470630070446019
1736583325557710507
203164614046910045
394730450578192445
746930852959240692
563330737733577084
1833935291093433100
137826422756030485
1733662403960761987
874100598214377012
985483606614620019
1175786976214866619
2054876779688071147
918790275651348659
1431436130303231899
101892292
648276144002095525
537751664
1948318342973145228
1703070252270418060
434455893615643124
1755333064378032388
1638715317409372900
1385599198933166540
262734948898638205
149169497
554573617182892452
746184522822172652
1769314294570608260
2140259088084717468
361818533907321092
1737878174660313627
756720114545240324
1514377350597970180
332666993796982525
2143419049904119468
1756888723331617188
588053052350080565
4568279
183641037
1731804093503663827
470729280
502902254
176746329493960764
1883845455858045628
561010083
267187163327740045
1862241187866226907
526863842
1432647432240855379
378160969
137738952
215397296
524355517
192131714
1605402873499680307
378628541
478222886
1772127942486169660
1959305957604955740
2208203594730651188
564244797
814347559935557332
209086392
558673024714473532
622665322309784292
1178398167534930379
362961499854344932
753569075900032604
877925951328284852
589144682
647898363688536285
1240652351134771419
582408999
1574222755489925780
1798015312759718187
2203990961198399228
240678291011221084
528252854
511269108
552314687365128172
1926304184528457307
1046446004237466139
1861430843522080587
424692126397919012
1304410790788392859
1240639948477921939
1894951807251342980
457605952464676645
874568802041598252
1574935901353789060
1690844538520608428
2075191847521210028
1755405992472854908
371025663
1604428570643755707
456832903405861645
648551988560615685
1768813147655035220
2267935987810746748
1512553695398021300
1859734032355770627
1821426384155578068
1669298256554181067
983153299834767099
522904266119133445
1434735680305756579
363015745182462732
1894855782991144500
428524285166272652
1923779515499880827
812718687176138812
1703205230708397780
1110965670951271019
745676521746890812
362703159416143412
165914853
333302987
1047340467106088899
94785800
118257880
308056547214526284
304394206250214964
1817745676983820908
223356399
2204431050086719428
488876671951327252
2269337925780942748
1047937913415669899
1388389143275325900
1817601951037165788
360608787896349452
1768894749691422460
552154158943261172
1831322258727004860
1304644925731727379
1447536128652749580
391849994199661005
563154445926753964
1769371825190164460
1947748965611450028
2052943792264163027
1642000557758966180
1798830533429690027
1862154432486023547
264785005
556020632
1883366039581462348
688786144826844764
125365205
148467366
2054054266878250667
458721016193501725
2268641857469308828
531776120
461883868
1431946644569938219
424218177081864012
408569993
206215604
544560001
497940652924115284
265099737603487365
496452715732159084
514132714
552051090309517652
2079950908529451348
2053623924294545827
1705497001129727860
563477449
433360988477302404
564852520709474924
1895995972177438380
937978627102052852
681006566811471572
391852555023080005
1754610649926545828
2055197039735841227
1366831224056883059
1692012407929581348
1671037305789309507
306732781555984764
546902237
1990151341992890747
456670076288620605
582550765120825245
264533407657458445
1692730283477045188
1387417394969835420
394945125921839405
1498103542525512019
393886246315772205
1703799562236405460
1756576615954199108
1510845620009850660
1990020729759203267
1446092733288847820
2116135279284994347
167954391
751562423003736644
1991834603701281467
809254286561758932
330106047037119085
554928205840106132
1949093525023080548
686201952854250052
134613919038695205
87536056
415633826
416635653
1243669050758522619
245598409296165244
629044208574798564
622103629140344532
140352348237891925
2138021082815726148
584291503157151565
1112518539217234259
1367196905181051219
370387580129654844
1860579260583251587
2012610231888949588
372173467987912724
488934785709269132
876828135927181372
647562077729449885
497372987601926324
1733912299563716907
1542258630168547587
1702323618663967260
1512752516473722420
64272818
73992748
188695253
125122620
125694494
157236660
186441987
132723482
1693029611687457268
508772256
304743938
225508379
1692584543991595268
1925609843313286827
2203206442512007588
875209719868916172
509157080
456466287311509085
241577358918805044
1962937045431776820
1639416973669017780
264874935238396165
986510895221974579
545772813
464950266
1542650140057510507
1642339768800348620
266964598089488445
492261428574462652
202411774377990045
1115984380095867099
938162944883741292
1638086330774374100
96205858
2054495779410997427
1734564973158228347
1818407501312586188
349565265
2202185378851300068
1110659122556323579
153414308
132913340
197608072
107538492
1734781310879572467
489127330936921692
919608888573573539
1830457312342374620
489210822813581812
2011632183620128668
1574364058628536740
1927579240223018987
1576295548787557940
362124239
126530865
874769678099853372
428287170954637852
545423650
322698590
318788167
87577930
204933859
89787763
6009924
1689348959331975188
582639067
206982712
227767820
234926986
249353473
1669701012259258747
918668949913221739
391963265094560445
1831226084769085420
1499659634972293259
330313233826822605
624933478212778044
1574652130587822220
2054236826202800267
746170198677553852
328848368867641445
579138973
921318740603075059
1929360813050462467
648234243924055765
266213933188654645
265676031522678605
652073943205689605
625856831608182644
294492975
212910251
619757870753391092
917950865663437339
1924561033842863747
1860089257238622187
2119676969396011787
457244862489729605
938757394524721932
1755375978997014788
1511427558993849100
744049423396462732
625853942802766564
245094346
1606387821867512027
710614809885046445
90930094
1174766932644649459
203834633
175566751890500164
1820453505438446108
459590854
1732257413228248667
394994916816144485
922619849411615139
1885089496167170428
177394419133998844
552616515
570324108
1756906844026831428
1540846541212684267
939244832510943612
689441501303527084
2137583052704166268
2074816081716625108
1831435207103415940
526744365
81930156
441535150
1512078218739600060
55191531
243848644238116444
1513617962404198020
627455888861211044
564754289772099484
681857417958388372
2056085156385538147
31296113
1829177
1574214841599826620
367651101856037364
12026191
42498930
935878849914580972
500520432221353924
584085310465337525
1368162101306849219
460407724325770965
368729770484026044
440497147
62270957
361468166020411932
189440537
66629180
72104101
399285758
367916030684862244
1759346151885753948
1387639323378227180
304092227463071924
537519878
490700063
1757123419588496948
383967204
367766196382500684
497786433
425630414295007372
118343524
256455354
57942253
2015430986771529348
1883086324125564588
45964978
562286853839980684
107083436
23015280
1703403402087516660
808314197633298612
936712763830034132
496775058995390924
2204105806387806068
1606339962509611147
497356361638569804
1433868214530078739
575207219
2054493021535838307
680448845972468292
1883311507199214228
988367535939246059
1243950709964318299
309541628254194324
1048714106454067299
2012891495142044348
938948898475343652
2203066530904465668
1948009477499997908
1861568399551951227
1798401872592395947
350793636
2137684237872939668
2120275530372333187
543322198
147516768
559645058113337364
2118792070548369587
242169609425926684
524831571
2269514339028983748
1606809034739274387
584160648514874005
2268049539029495588
813139725432184852
621200806369308292
1512227104032778180
1883022003243082308
2010805673269567908
506807375
2116712684958773707
233213917
476276307
1445733076680878580
248660096
1894674411432376060
234512910
744174853184950692
1948097601220927308
877495687239319932
241293819542022444
1734280284403048987
2204224653582450548
2205311784260006068
434187674513659684
984784490688255819
1605222000711937787
1823553630893907548
1545929405741600947
180283403556317204
1701908654011443340
528184830
368214678736369924
578081743
190086791
743875538157945372
259673172
238514608
519140614611339925
162377180
618110233940447772
1606185554966889107
713470058539238965
166273472
137367800082725445
2137564950659493908
873181964035367252
108764873
554579481994351252
1509201515039815660
586433435
573710593
567552362
81734663
191255975
455107821869021045
1175005737848022859
680755220639281692
263486128705706405
523427148390446885
436419934553524404
429462882972516212
2076969037475913748
1800761732664065587
2116615429210636187
241727367980202084
1575946732233676380
1883905338107425268
135637308246451765
573437127
1449978142724126700
1760524199908404788
1542068740895142027
1861143245069877587
362848533327818452
128907429
1050265047480350699
129589755
1753870722228072188
145395996
513469176
1796898953302704627
873026402230771652
437911464389228604
2206030314477642268
1050627694118471379
530443147
622474931450293852
1177026961015449379
1609562159548141467
176015953334749204
687512079686007524
1177667037194086379
2267039234429431908
714121535894882005
649994227501349085
1513311547261327580
873185008231964812
491112208029581492
265714350546274485
176206774028252884
875967850083479452
2073592278368432748
712095850191304725
1820232438883749868
368982446079228164
584804824173513085
139753580
558559819
1495960323743651459
550270140
556265082911322492
744752453683842812
261146570
680153166397489452
1883343597233512228
175523179504441484
260575008
1445869963389225540
261951645
260781213
549357560
1882309308605780748
561286271
54826603
1668320739929161747
1573792121974979100
710540694042425045
1822022183429051028
754734054168540724
1947764361170791988
1819363999567270068
1948023594859389348
1670606331116372707
463692373
555640042
689746362498750324
809720077491699772
1381825216736860220
177453412759066244
416064457
352046513
250328836
583970846
201891662553954205
985530484499548019
201955343049611925
985403060006205139
559574844
162469951
987311679714006979
1882026380772650748
1831664088871762060
1111554533720258819
2079288426447803148
624993406423455284
347105546
1448890531405834820
308290588
17190495
2265477148753850988
83096
1957643133246310220
239452194592938004
361881106547740572
747951763539157252
650345308086769245
1112863831843604019
1048928521062246459
1767939807553730260
753426125777783244
499031899660929004
1574359747570759340
281977453
1382166225764259540
397052030
367119959
201858348505852365
361488452982915092
2013322856754044588
1959603686640978620
619256899323338932
119345032
744583985289551532
1604408282978972347
1575509505000683340
1542495294455512627
982529580929649019
679676029775450892
418237429
618280996161421372
1671512911711551987
584649105495210165
1885446832581562628
747237212842811132
98251390
265106253906294845
200410202907920685
425893307799682812
1765902284745410420
104152599
154332007
100842526
1754863027488472868
919095340686715259
744071526334389852
919995227774719939
1446032874854389380
751877528607689284
296874320
1573703591151626500
744032640231595972
514386191
520418448085265125
692589024364366244
1447806352024401540
2206157611522306268
1770587856324454940
1576323701108234780
2141741069380989148
1305282137908316699
2054779336489238467
1542873782835049027
361973076517200532
2054226600960954427
30522290
567018668
1511935421956086180
1575782225883862900
559910504
2010432361879666348
1896521794358672060
555417894224514972
2139173453337202228
713401452913526725
519064563598342325
213549054
2052800210620981147
434235219508086964
240321540243359484
2056012235592860027
1882887701523734788
1513109621228820220
149351252
1670341725441896947
2206509097364472428
101116525
121218443
554121225521652012
1733287884622369547
491920384569066172
584424227643459685
179687629975660364
242662465145698124
75000153
1757030132631543708
876333460169449612
563445534027065724
1754464828055175948
562190067979638364
1960479046583552700
1886986179522654588
1434554161790904379
1642307446662114060
1575444514621082260
45356615
1765994672141874820
1987956001846980267
648298436904249565
713021494983195045
1175316770943764619
1820853388959326388
1303491191441970979
95559124
95559193
69656669
108140443
176503543
1946021072991756868
101619151
199749590
329915677962307685
2268109116913697148
1671474020317134387
2075937284319305828
537796142
1861588502043701427
554538726179991492
453520233
2056126648993170187
562870407
1576254537140071060
1882804841293160148
202096054
920675866093660219
938738123106250972
679875332587999532
558025194
321725158
308552774
371892858054334684
1109915010745846139
395246879968384965
1385256382447953740
684680034432274612
539852547
522910316173174685
1799462025903444187
584577394
2115480331857605387
450102397
87898019
94030067
101722111
67931428
170627313
26708022
85195876
584318788532538005
371833141860316964
1670492056419217307
1110969465088666139
306251661542959404
458858646119041725
1732969467389391027
939404627571597652
1368939236966676019
682901481285640252
1368466590325565219
363340743617953532
1926986093155769907
745407216103739252
223513013
301279306
1638478020590438980
1948599516371959948
1737059519325954227
422809061
431771316937386244
1370544242064353779
649302974746855885
47936867
1864008714774745267
345088965
619232052424630532
681116031611789252
370087959138309884
2075964711837278988
267351038410533245
1707347289584261340
459834341971011485
749051839949811692
1112975825628314259
1769850953957632620
940991860977734212
1767239071931750140
52477489
923504574536550539
1831185187174861580
136006215113263085
871982861322084932
1384525436479990340
1957794943932774020
754447086690740844
692162541364045564
1962187086835127980
941540006582485772
242057273617578324
267415614839118485
919745975146608699
1823756455505584268
1991834411867414107
1673770295458050787
363354938889715932
712656953181395485
304727629625452804
38006069
1447370640320277020
1432749996516690019
648886452330031285
73846829
1638793255575542300
649197163009644765
255535054
420451167
225183420
628638477028010084
938413954331246692
874948891662528572
200641942845200165
499691582527965204
2204623307790102388
1047362363886684779
2117884116165173747
1864466525635206867
2202422513175727948
497090605287778764
1304044832921856019
1990111406206067027
1702968398918379420
1704006921604781820
1049857628874107139
497002013820770044
502714682
180908403035715804
1240405041658214779
680919377606971412
492815498411405492
1818918346280419508
325039724
712769683216431045
936805656916181132
556856617
413550689
1049699541946050739
513432842
1302156966663199019
683385296010699012
2265792823783866828
710381166469065165
49720397
119715795
559709058488572644
141829149
543435720
313355944
262973764277479645
1756377324530535988
1947966578630381708
522010187560905485
1861089825510002427
1883536262360772428
134887130
130269974
497122691
1947530191480046228
461811391
140339866445298125
1963681500177746020
2014913167546932908
563131509209503404
1771799214985840380
941586450796941732
2271764577393840028
520053224530623205
240535277194942604
391857696687561045
2203132292087266868
1366078858717808259
328072852799085245
1605146999314772507
1958252583043635300
37755178
294990713
2266668984046994028
134176470
940593422170284172
1239922109417196219
362962952984399732
491016156333248292
576491317
936649006450839572
1767111383221872980
584673213353458165
2272396128598191748
347004638
460174134243212045
454765717
178804127
443834079
303940521284245164
427317776286380492
1926094694855917147
811399891365957332
104506315
2204447048468042188
561139561630951844
1991989237287108267
1384520183109274260
627621481075206324
935886628884201972
294339813
361108800757727532
431894662552971804
198914070773049165
650532198537017885
2118869169602735867
188973112
1768128640047463020
1734391970110721747
1575897292300892220
1831062423623853860
553483886115131292
753283902700304964
1895186032039229260
555221664607937212
240254189055862604
1383655455000054220
2009602965152678508
552972217
1703643766060001140
680952957914284412
2138304836792331908
1513647726173501700
136154525105260165
1110836112483461779
872958355095109372
982367638725499339
574275446
215578899
360482517392904092
392090607015308005
1640498942103439020
481580869
1947612018499269308
2076272405176454948
2115624028298457147
1860206926702092907
745497965250261252
918782420567706139
1511994812770642100
1368653504940676739
2011011274715763228
1833437533483570820
808346973690683132
1829972927139215900
2204152018413212228
811248889380093572
689891209808124604
424204892770332332
1895405297727457380
1381670267600148300
412581212
1881859215585599628
304198346527546044
1957963174439003980
1701643253266913700
424567961
167625743
1702369703623608420
1048894011070187939
1494705917920225819
481812878
1862655612157288107
691701156925609924
1924299719466180947
177422868439845124
351043179
1304194175875942899
223377901
37355991
104579674
497558236642657884
1238423682237655019
245236042
213110218
219131972
391210889
518534382795352725
369859145647826724
391704175979383085
263902214103169125
166949848
585620531557976285
1382446124775311580
685611115573235252
692556757682346484
1758974694447853548
120378403
134550623345567805
470944115
1050486331216885539
583270576
1897305010800794340
1960731997014252300
877455334356057652
564533741119370964
581353533
452987801
2268175182741619068
432579890
102603076
1925551198889894507
1753926025030033348
809221363390063252
1949491234088092108
327852506176026765
146246496
313005552
373691371
685929570740724292
1924462035580346827
1673610597820448747
1371624855843153779
1703312633822382260
617198880027718252
138373558
294412485
99943983
139126944
140270356
161188530
159051824
1110172360743700579
1445727423688161660
93532684
431716075828004564
1862909590705430187
110898276
1383683713874545420
200852253003311205
553004806545579972
68431462
1987829397975728667
454403236920633085
266192247565605525
1991204294423544427
555052589987029172
2141230545267089628
199503659981543245
1692970963621470988
1494978433953187739
571981437
582015462
59722577
220872709
578483617
520910980
305488576256518164
496741589349197844
1112338590137640579
436405385
530026000
276895909
476065777
1576243110533211940
1641717477574379420
1112548720464496259
920468855601059899
1301840512850627219
367370119608346284
1885108816091066348
585947609335610125
1305650166955243419
458356292
147171018
407936975
562284753088354164
1240528529174825619
616394230563254572
106107294
1539898646105572027
110257933
1692034701320982948
1993573792130490987
570248560
1575623398558893820
711683827944331965
1447615782758902260
1640087717318727820
2203971550942384308
1882874232188961268
1692970899872678548
304038365182859724
810532924413755932
490698884366323292
492487815618199972
545834555
9673333
518922905736157885
211413910
484220534
360233234512719932
568188464
1494314454369228739
2075326246790443228
553199495036342452
1575261942316452340
1431859272197253499
1818903243645022588
1306612610357319859
1499184692720548419
755992203789503044
624213201091058324
344354314
449972105
1048902844749240219
306365436486785164
688900342088197764
1239165314954230059
1949655309427151308
1496368336414792259
202030819438803405
1990125437741601467
199698554
649866546474952445
545791097
263726534092622485
497015486957472084
1431291449401866779
136655948847478885
1693129442624155268
1495461267779328699
619439774117773572
2055580580513599387
382672414
1047097141159823779
523270163
1543260358082204027
1366834770080635139
2054095426340712067
264604942304344085
982644664639805859
586362812
1493931167952700979
1831435760572774580
543424169
1732432392336847387
872070925253148252
96586246
133846607
444716406
2203004594910609228
260222785
305776771
168441691
920425249811794179
202185079
1574946829582018300
458572422
568076553
495425849981261364
241980257707608164
200513555364113165
1367982704231188019
1925880538095341867
368302664967051524
392020795712497765
486616106
186579221
919107107343267899
189274355
119378481
340881286
136188388
937241223034437652
1383236385167944300
1695747532781355028
987503746644654659
688969915572865484
2074948165531456228
2058332754148856147
757965194695194404
1497535375561758819
266924037969865445
492265659706662772
1734430877523223027
2141770001799938628
711885870122993885
580228290
2268529802109411708
1896574172170864540
1047128837517957059
265839518767642485
1701975723013089660
626440860747003924
648773593946691565
1755414607536857548
569167409
427848932134326012
1385413185313392180
266168618982714125
1368380784446822379
183866118
369857731294439284
406011722
717300614461056605
982869518560184659
1604078849258139787
89877202
540665550
1731642273034006787
1240808364850718659
1897555530379458100
520637876100798245
1642960344228014340
682914175624261292
1495035726562806339
2139591806349017428
419187447
24246907
100198908
1895575616096163500
618246671239422132
71112426
435479315887868284
326436292
143689080
753962830401686204
589526858
236676230
238250614
589258913
1798926673160962547
563240566
807419115834212292
688302265940895724
201321592831761125
1302898889205484259
1947794735363166428
1798606164305194587
1604745562414011147
340256211
374755179
336527462
1862493492086428427
200531370740169365
519743146331838325
200369306805171925
360842476314981052
1542600509458731667
1178836684246559099
2116324464043490947
304704526737353164
1576035005294561140
2056087849105215267
983612570483578939
1833480298141133260
376217424
460496232763971445
330264583339547125
2115638293264642587
241613823066630764
77723198
240183018
2010638197178503748
1949347680037634468
1949596023987212268
1049943451364464819
1448183647328758060
1989496656232665587
1513172794612255100
457226695537425005
163956736
561783045
214282059
209325382
584638548562807445
1304616369759652579
168410321
1447304628628675220
134229253
207476946
680992918218658132
394902069
282190781
151450547
813728340924301732
1046443981910579179
1605118208576524707
556607171
624795744484992564
217682547
1860908750778483307
119736012
179438484
1701389276827719660
1865977623918236387
1708380843346893100
1795821826566361547
919798876653886139
492035439527964532
2204195095008084108
557021768
1882677183098748548
1991332671288537107
1693025727566328508
479300472
131182240
392083747886208645
626518724373510884
2116264261936898707
541801634
811767598571220812
616141800285704732
1302798591167948419
294709971
119339063
415952877
2268680227263930028
1305337996477328099
2054588338907660907
620344166665593252
2013846599742865508
984067455149660819
1240649755501312539
1991153233795535467
1862023261981360347
432328644462660204
1899734067883285180
305778310412540404
434329986095827244
1305980494869165699
937534395590541412
1496706915710044779
1830434948159109860
363422506750595652
1864085584609845107
1959092136303032180
1643410396537845980
717364425415051725
396080525053118685
1835863159973141060
501785748128508604
1835474152951634700
1452309627596954020
1372118516452362539
924027676500080779
715365549984365005
30250882
73289865
2076119003422138868
36778959
755544855428143484
371041641478641684
1371244636110345819
520872737368603285
2075569314274992668
110912577
150324985
234684960
120891393
219339172
188508054
246369028
113438169
207463997
279495847
393012560872658645
1238810262890649259
67630951
68194866
758161144336964164
494019883771257492
12977941
1539479156341690507
2053204846081773307
304877531861346524
1110706608588400779
682840530766753612
1540266464092991747
2053607735103254827
522187494693218085
938962693564322332
1432414921814333819
812286813193715892
136316122825980365
2202848266140970828
1765458239867852620
1796012505123360987
1883480162751377388
455338492561250845
551110516
211969189
454450722968398085
484442298
395114612
1430571376408524339
475530679
1046823126960343099
681046050699170052
1886988774103810708
568252196
268174217291044525
1884544674731819228
198994653
1898089727502325900
647866875851351765
984767348694723339
525365244
52139117
1957999760339548140
1962653780864461060
83186770
1111462896781096739
2265568678776517028
1861922032911372907
249892152
808058284942221892
648039464277264925
499478867096356884
37538757
1179193461728798939
95551861
689283961371879004
504486404
923261500303882939
1051490268139632339
617319881164194092
1511182333952502300
624298708361714124
175944235650770884
134044190
367504295
1242790573140879019
225232691
91371126
303304054
75730066
239699236069566644
1499911297201162059
1927381214750487267
107370685
529258563
107370774
646189099136763645
396521690
744178470575378412
535485595
1959437153952103020
278071087
1894851535465953220
1692395566882541388
489543859336773732
204339848
293788439
293605733
1576849150098216860
1383492260481013660
1050822585754183339
1638895755970160300
306859056856275204
1607115488548610827
1494704108710307899
489348403014786972
514102611
552454447014613092
1382826787143096220
562226499
569637007
448363072
203712617520092845
758352768701672044
1949630118811024988
390703623919622405
456361964
982581176880629699
36547110
619570103031549692
1511750585701018140
243666911852283764
919205638464133859
874599248270487452
511451480
1176949955765770259
1434010539704903779
1927862067898175867
1603778501155852587
683018098975404692
1961444296832030420
1445737246598584460
538591858
563629331658226244
1831570497194629260
877127742428025172
526477141
560631467917584684
1895621499244492500
279956960
1960807537190533620
156293400
329053748
155489151
374884212
1832178832111912900
296067557
524716025017267925
1881901513290559708
680301061172683532
582334327
340798637
190967122
2076505293259153788
164339887
306767789986945324
539453536
1605736219556118987
511222641
747009491885515172
1047296692699167019
433958272580511484
520168805
1493903857726658379
1112613106102629979
1514090950209321380
331180563152390605
577894823
941824477872218452
2265411650218774388
522219754
102809744
