181358264120387564
366114349057195612
524561309269489685
984451496791582859
681665529309090132
1670679143319790147
373451333
919628029608315219
1704934565006632580
1733147838936546907
688406096607831724
1604004921528393267
578914584
35320658
2115802369322036787
458034639
1765963832818247460
245252482
1988576494573457107
210753541
455420317772602125
2266642780882403028
1893202326647224860
982797258722457299
109631400
32506726
1445959189367080580
63099817
33262142
7362595
266411273
1447347526843975460
63482053
266014035380332805
572111235
1670064110147022627
148296279
1991576935616586347
619685973230005852
2120360403902640307
1302209909246188019
1860396211499860587
234992188
1430369497725655139
2073876861746291308
1174042414032660979
2267071823579271388
1705254052979271540
207978308
711435044985698765
66675504
1574782084184094660
424942055619244452
24378254
79744623
3533235
149908351
9553795
149673753
140757496
285375909
311882448
6128765
31984153
245819594
710587384047765245
84695952
82123967
121738245
1366180433717626619
260364126
1173983965755422979
176129641
165432840
939081790613021172
190566430
457793231
1690879621030576628
252049859
174138528
518775477857389085
443065834
295645819
1302344971474872219
917865332478535259
411016669
517993143
227032947
1509667257247591060
586929839
2075405715496030668
225089573
178941913
31132520
423916360495603572
41955512
27556304
144143439
49656475
1450118358045235740
748676598697153172
1573807814117120340
555213377482350252
687387419602028484
454408443160663805
457707387167176445
2052697490667368147
360024491716944412
810931117278093812
1540096834079797827
1796044999451189867
31294421
67819389
176905455
318153146
85168954
122306134
1881758148904153348
248990562
1766190182421801260
623531270779582564
2115749006772359387
1046286973987359019
1177846012832245779
97189044
519756351912597525
246745838
584001272642627125
646392855992510365
279767474
511251265
179453899
616052437847088972
618083360240587092
2055745779589152507
169197280
1511730776498883340
1432205111781959699
1959985302770452380
1432242710447831779
619698489580634492
1542484364985295627
2266440841655349588
230368193
1957453236553349540
1691357304243765988
1447405448168622860
1509984467885762580
197818794
230726831
146392660
22326593
24009735
123603376
76088251
136616084
309507629
1494130100899236419
918001588299520099
1381823765673011420
2137654427857523388
710426244144789445
1765632041971763380
2265974200796377548
1306078641024174059
312120216
581058074
291603877
32791504
56713800
1923986110179729587
710656826818524885
1830311351296584380
57348424
163093112
66222197
1734159239278624547
1765008575016499100
170928573
874314622982889612
1603703553161535747
1949217507484008628
647093413665593645
1988270759144234747
31669524
2268860746068840868
1574779975305840780
192667225
2116350787517554467
1893662447587379780
157849637
561544227
249836206
226097897
1945634701497029068
590676425
1049551886870128379
683760339132465932
347066493
1114028666870221099
193280266
326512238503880485
1895869411264092260
582583196683208925
1829598202574018980
585729449
744151431344750492
1045506530630052619
279558727
255211560
568289335
1769809180991191100
224081816
136902930
1960715033292196220
491986811
321729124
499131254
1701692688554014740
426981665
189842972
426137307
439475780
940108272609002172
649832421268281765
392401720579324165
264012005322778485
428055509812970212
1863467692327272067
623871472851913284
1818050022335111148
203535345
1765766761813657940
1669698005405544347
429932266
12853817
1513686579228252820
2139303673726374228
491970704391483972
559811557331646404
357455011
917948346763950739
684298216513954572
1368419446541342499
1499541418521815139
434476228126071484
922382946440836859
309083479143840404
1368577331031030339
920110609517680899
810291244466900812
1951423783381557028
1382093240293734500
1767255171167999700
1704656085136476140
1886010493194703268
1767255298926152300
1306252784733010339
466783821
138146990
1610525482091635347
1818740407934599708
560091295984687844
753766693495753004
1496566729306142379
581394133
515775210
1993277159724453747
135279616
436637624684059084
588974383087295045
436393376088029004
1771513581188617820
2143380112969023428
435016519417575684
1821152653954162348
353797760
214777315
2142157019805831668
1692859451037585148
428567894940393532
139308477
523406609829156605
1884885475236016308
431725403889424884
752760832054441844
561021495783286724
1883385388126015388
455904642071824325
272917720
2011066833817489628
1772243765470177060
426261040509817172
371919902508775484
428689061244403812
1758291889471582708
165181670
1958931546794629100
486103731
2139293152782369548
577371738
186112496
572569512
135214862
1607179222334681787
459503407049467645
874577594293379332
1689696104238624348
2141602611403338348
683614294652219212
1449287121596446740
330596944708532005
1578267633235015460
1897550781988322060
1833806254173091420
442185648
444571859
1766299707618948700
744439192982372892
808375901759578812
458670947069610765
1702929661067766180
410406328
1446918107203266420
362070345
1818766351547363468
412039658
1115566859178116859
938437568864530692
651762691658042005
206062919
214599963
496910515
687445443079276524
219393832
497081947
226476278
1644501192313621260
265661808498182165
809465456239316612
460934730593143165
385348856
583712694
872132552708678172
1732178556727103787
1241485296964004579
747733814784929732
211202375
489331677473963852
1881540713230553628
284160104
235373619
711062434142542565
587536999
582581862
938014130426887732
1991696873294676627
55958888
284843996
98008157
305911235
148040092
1637644188298311740
1754361001817756068
159440184
1238530078784727299
349630173
398706021
390314242816353885
426535246
349592236
542789684
568264889
619453571818996492
18187336
318755112
370202731169470284
1366294509816677979
2138986282152603268
1894692491191245380
2115809886450781987
743947149938266892
257921926
98908958
1605793156866858827
1638684726811801580
1303541411809618099
712170268332017685
478834211
81633438
191329122
2011090748500963868
298457577
406978223
322610310
202642217
1689091524486832068
626747448497486124
200466184104249085
2055584127749255467
2137765244574260788
873919947136971212
454536550869120645
270832826
139451586
226614962
282766627
67797918
1859753999221239787
1958027367475599180
1429997718761911859
2138646843817730268
93260096
368212320115534084
936055535303360932
2201729533125705468
1925830831313850387
1111520813214443459
1240119181921864379
1305725981316413779
1861899946513890867
1541505072666923627
712944232673040645
464745242
875591644348219212
1386051344726210300
370813556734224204
1833367739776194900
330402940862101525
1368035091156284979
1046190507493714539
219037879
876332232875119132
452768344
1367338368977807979
554847174804038292
87114633
88537089
14750341
982972542361979459
411229751
398741813
359838633
553450822004478332
1446301078753761620
711970600674514605
433862725299902284
229011218
247251744
744067603813835092
458196004023875445
163325630
581012150
135788403319056085
570862995
918879795379639979
178291662455629924
573737167
1947384113305858188
1702425188560803740
1540606154731553467
1896102183338690380
1732620392586333947
361406869275185012
918730083613194619
747772629218660572
626523805570893924
985795238456187179
1178307046971135779
1238496642648422259
1641808796928092660
551945221766459732
743880618560520572
242307196
456210141432551005
1577385803569141780
1543769288613470627
170066398
30851178
712937040337086165
176345535
1862758453615321867
1433549577422121059
2051913388193497307
133140271
1445870207749253060
2077338993803358308
1432914072972339619
1820566364054130268
1690335533708403268
2203383061328723868
1576680310647121660
306251161069718124
1883778267953942708
280259436
683900430262013972
1367736441811773379
1701859994337535580
557108951
2270520933683069548
1580583565721999860
1498964613284096739
941794115685814412
2141110135672413828
264355860284872885
1884155303638499348
267539277578840845
507043506
1886667793821667548
1887599409942970388
1964247955041249140
984116653024040619
2207095538626019868
1241370653542390179
190644560
241793539614480284
1175932720444180139
1575589968224409380
1690820656431629028
1609052779391623867
200145002526725685
564542481188317364
1992739921997570187
1758725325806277148
1884694172835913668
1926276509386723947
314915733
264190108
241782368
1516119955708508660
265492313
139680171347093405
491771950429109852
175697103061961444
2012616648818823428
241659266884040724
1176771657179043979
2203687836292661588
1112814710431734099
1947961535258227228
877752781598851852
140392877725988805
1385049536786012620
1306802264497120979
1243339182928210499
308215498882402764
242471186
241090042
416448501
193540748
369267364846905124
255493759
392945384018356445
201919088129583005
307532529345297164
584078783544859325
293978626
326398906455886485
59467638
522135177
282562000
196778119
144160048
159186945
1237838380423117419
574946844
578798004
2265584415136697988
164290136
135299008
680638790577037532
753063018851313404
237885055
290132082
239067511
812142288055407252
629618806975760604
941781429491208812
564997888304441964
1515831086999009100
1051624000377804619
1731942815516705187
140233798447294485
1515122245023959220
1452064378641377540
1607970147674164787
163666954
138242110294309405
2268683798708154708
1704351962994534060
1369796867091630699
1949738047973408908
242273320671361484
1958909001194752500
266263925689555485
204338237969475765
72079546
473411144
407322222
754178984630421604
303938564
939158353704251092
329693954
1366262981994445539
1767747804699371220
714191789501118685
681462171846684492
75212624
2013152552747799308
494663256588235132
1824416345245994668
1706709337250929380
1111348675420190459
583835973596903325
629676747972204444
1770916046460611100
2143339382684786268
1670027358620582147
393455398340040605
204496793713117285
122838619
275984642
342629752
1386531352176036420
1823785138982002468
1692420706693234428
564615494214539084
757988746670660044
571455823
872333008893304572
26464662
358141846
167378076
70630116
748087338095235532
368162931731441684
747885892947361852
40365764
176612415
690402930807773204
1832671403991644220
2011971913933283108
2141077338697208268
1050157123882506419
1948742304763219748
560462632631732124
239877049312139284
128398991
259000257
258990544
115929731
94402183
253442563
147723697
2202348077727326148
187020108
988166799895460419
1383728921257133780
560814624
617968791234302532
509532660
331503313
478210527
1958672270690028060
195434056
518705123959568965
535344099
688658824456260044
195355545
588590228
682098413844898092
522469289892521685
167347110
248577460
652735697198066405
567073558
332616969
808400513886032092
2052068635500269187
551468212
2202029056809729908
130123022
259070136
492967995141742212
455743076809017925
371967323002148604
1304147458535700539
84015764
2203059922074554748
286163138
286162918
1368552131673160419
361324460881498772
1949280737844072628
390752670947437205
1450021708685977620
560051199834630364
713018112747279925
1384496988414003980
715409353618212565
177862585865980684
2056637571121225267
391782317720807805
752436121926866764
330789721779964685
619486734414507852
1435112013961697339
140500407
135372111111871045
2120473461321023347
560251358
257821284
231805381
681188343539720732
201438325
216152116
182298085
216113183
688676234300852724
177473347294665364
2139260099384373428
561020526633989884
569557526
137736582
985795169568655379
1960373145761515180
2119843294997680347
1239997248233359139
618079123605942252
370657122062506404
1948059472647610988
684563111263752332
331742314
1755245382914736868
2267787101326553508
391291029732235885
236994270
237050514
315190656
236599359
179860595052447924
306781351587313324
1050150523899771379
523827268102662565
1885272173014520428
427531988318319172
212978012
184648215
746007218859691732
541961651
508051949
165777792
187199536
5127578
131767004
439998173
31636467
554965968030994772
6573876
6486559
426763687261028852
1303635679907072219
2051686121821811307
1543945961978810907
2052178352795107147
347635338
138283586900957805
371527994075019404
921730982328433019
940220921576149492
1799575748149650107
115155811
570969665
238045605
171957984
117259271
982178450712545059
1668496413026255587
684357166582649212
576873738
82811699
238987593
11212630
159234927
40077076
243311242
157978103
213734129
1760417283696427308
310037434149075404
1434317989867243139
746857750944550612
1112051539308759779
192110169
307016125
582847243924609245
166346320
1737822210491281707
1695018841867297268
1609498544910819427
1541613452607582307
132105570
935673261792612972
197054096
393571671223609325
7860458
575920468
1900194229368945220
2075345426600194148
558019998
1924708971024580467
394999138559924005
309984585
684876619231486052
1604653441109761867
2054759174537985747
576977768
589773952
394060501809240565
1575699581832283900
2142692655855423068
1947214019713303228
393804563136087925
1992767975281001227
1544932531216478867
1498271648051414659
331038753700767965
565011974668048604
523523350479940085
1177032191514450099
1640128733604322060
618289243240559012
1304370803480483379
241529970783463924
810032309496450652
812265697653747892
1958640867409602100
1304307379926312699
651106701841496565
715975275102664965
921625096371497499
2116486864426815547
392461595016936005
2207333701977797068
1930084901469298867
204497599249680365
308296450219403404
758180276756712204
1836061276194887460
2205044471827365428
2078923033013772028
337945407
562893838543858084
179474578775579044
396088199775627165
651120510297053765
1368003068111964419
330081803706599165
1641548428489942940
557640657774968892
2080014708192985188
1176204172522628859
1112181284960328019
2075898785949422268
2014962068154974788
137311159341819885
237420881
618187978338086892
574618114
1366608562429818779
366846688
239089941
443863041
942141356807156212
2117677392772927947
497205499167054484
1861136203672997547
2074735168485819148
2011506128266703468
2011345099296083508
242938112315808204
920915195056507059
178850577908128244
1864471015980351347
1930335890371760587
749787086228713772
501381679586945044
877387373219049452
1365697527517972499
60256776
563504727585040884
1046552106893547539
938507577907167692
137483281058105965
241960060528687324
487946228821081932
1496876752464599379
396142007554402165
1516000447029545660
29565274
219779681
1696203411036725188
443219569
681280995836772692
1642172259305891460
587196738423281245
523418051503008325
873265871763136132
1885458981706600988
746326917744791212
1861504490419519027
2075769462140019428
339128488
1643295801366046540
985029781570857059
1756153355868193428
2268375423939863108
2201029856218103388
395069911
105539060
1509921758480312300
437843329687414644
502178862018504604
202521810131236405
427917708680303332
357698562
918569885269841579
1543667752030998147
189181189
1605585677563158387
2076033268020379628
2054089644718543627
2140397565746926268
1545537720052768867
101059761
361889420717043972
812859509033623492
1606555165635392227
1898434837956106860
1886072121049346588
1384797864009984260
1862234186038059347
2207238921924579068
1704275043901757900
330770470978197765
754876303337662364
1366991190398351139
239474841764993724
1959175938442721380
2056333682256969987
1707247783793736460
987443981886249259
1822845161736983228
1929452667834913347
812111081830838612
1756269369684164988
138324461
555390007890829372
391378231509428845
438049928108817044
1738399227188379747
254593285
185765352
1382043520609761540
25779676
748293469554430052
427269865346916132
498198557756073804
1991205992024547027
265135872044652645
390646175665424765
1951344777860579548
86149598
1832543716617492460
1243136166575196179
1832543500705700500
1644246538640927180
205118294115805285
1991988454571860627
561928989
2267016770547068508
394721655045535485
2205721147273167028
464176188
1241747481775298099
1820680699702550948
1759712756917957308
200120519602981045
1769648148756551380
569474980
1961228867568937300
229769852
265993566504802205
1818936135163772548
1895832028027279580
1860950306332294947
93891345
1823864364263579868
1111434026656429979
648020269786466245
109876251
1886642803733946028
2120708008370864907
1898556113039759420
2119592988684833347
1176509324961823299
1669232333211845227
1958740792241837660
754590670937380964
202226153855515005
362923518197174732
243650286
260254023
298597160
529927181
558725631
449122736
1756138504349401348
454848420360383125
1512725663522375420
193342381
710510973359991525
649459620816308245
283232351
1543093584853721827
373943465
1383103109090376180
305876101502469764
682248198285749892
172321409
520891502534744205
2118336394440388387
1641931068202751900
92027699
376250103
874907177854553692
304348702332053164
1049507049426606579
1637797421888849900
363372256880730212
743901592872619812
1384158828183070420
1758996261267427828
268081676181899405
1823891583961162428
2122472634945814347
1545210933304005227
583093453028276405
877396834120855332
352558376
584483877313766965
2076160253462930068
1834082707375258260
279311072
520523105
488261179968622692
387906736
525655578
133277913
240339719415814404
1574496282304931940
430351985572135012
1899644292793784100
1385553942909245300
1885228782451621908
384256513
171343419
2015066246997312068
330077129
480034032
362930453060207252
403180848
690996160669825324
1706042103544678940
2120684128068476907
2206612122463367628
316060255
1859868729253450307
2205538165211394828
1992927757114216547
1574912110121851660
561654886409304764
496301211738834764
986042385440470619
446675055
495112940174117004
570130722
1796139007056703427
685455382327713812
309020133209954684
133203489
2271181328122892748
521392836845246445
651722450985745005
326703806794656245
1798284836754157107
1695516228323749748
587824988354546085
438114061530077404
328081708676614845
2078691319607718148
432745666688333764
584360546838513365
1821006749908082708
1951190873530933988
2016552407940866028
340413965
551348418
125857310
269042285408938285
1819852763709636188
647917572119271885
1605024732614995547
263519970391476245
746225346389287332
1496712200446269299
620356377640170012
167065708
457239554
583210275
1308176260202014339
374287483802978404
1772316848164034980
180824405892204644
1898494196993342100
2272406592281796308
1643310037646653540
1899552434495642260
1499729106748262099
458667778067237325
1772509536930723420
244322733
249727940
587682541523830525
319189313
753793283166561924
200567010074855365
871355752770712212
624623318544615524
1605178044437495507
918957912089917979
329263943659382605
710770345301100525
1669539366822413067
627667208905795564
2013733392594772268
521966542389336645
2117107803322974067
456632535518193805
571434805
356527805
2010062202071441468
1883513940228702868
1947650653374701828
1765603757367449940
137344018294564445
563889001
85418266
406330609
1801793083558514867
292085345
1947447452651839628
2077507880403836988
575023355
1883246558267772708
2118004186588049387
496251514979109244
498698059281353404
130159569
371067692346435804
33966602
99777510
324226765
188408524
1112134016791255739
432029644428416684
537817526
427025634155057492
431470140177086204
279756478
571576935
940653673852506772
1370809962485156219
1049557980526069939
394830957548940005
521731881
170260630
713015217797577085
57605194
586110929926990165
2205450672872747028
626712219898640284
1433734125170595859
575343110
494334837
2013771627064803428
537726109
1925033170539675907
748141181735760292
185209831
1900461700306811180
1951620728143372868
1988988712881635747
242878647737800244
1540293621222269107
1306609755007293219
202641883
1991504869769924227
91837140
308923214
352373616
48054339
162865191
163006360
14747246
437488880601441884
2079654195678384468
2207770499790696348
306071949394356324
758100804631169324
501794506591648124
1886851219882897908
2144341951594795748
1052509303549552659
144066988
1608989690747240507
922919362211952179
1952086680693731868
490817230997942372
500146772887661004
2077716323513847348
1900252498010224580
338587758
118026384
623714157421655604
1674333483152068827
1244117939563100219
1179478408972462019
1822829409838584388
2077194429212008748
1546075498704744147
141308375945406085
1177947927074642219
2051614180012167787
367577305337554564
437484506467784884
2057879148816396427
572324004
562679363288521444
1302441745373993539
334476372
572454321
383037737
175439663117073124
752826511287301724
1927066316651798987
578233433
62088503
1385563635706624220
1544071386455666507
1606161549560802987
1383626534531511980
1304839410973296299
18949209
102751358
168528961
921276736639436899
327740793707178525
1116445970472581059
1671323619517841867
1305119335091722899
460882005
617045281962421812
502026046286649044
988621543661639619
615956278906806692
878665793096568412
193199671
574276836
199697521
44852945
710630167248329165
241130244
1704741949976196660
2118559658786172667
267339753149364525
2140261457067449988
195345371
570932615
139722313
173509115
436394052
110766519
938308593157640292
237789460
1609479031266971307
1695921377164504988
1244320366599301499
1516071717547591580
558347770949722292
2272471737611297468
2118478999192035387
987164049768519899
555307496700915972
809397063998349412
490692851874947292
313608812
1430175305477499379
91629257
1540090710409801427
396414943
396309856
1860943559401197787
921841256648960339
1735489235060523787
306776606
1888485860711087988
940182356637355692
450822040
1695820756582657668
1888333108912755468
279667917
1988049332911526387
749468860923010612
494495182453297332
459332498363684965
370260705582414404
1383757893391369860
2080270965313036788
1993976018593845387
1866219567287267227
558542688438300492
2079960932936696228
1708248099978373300
1511901910403819420
1754227037541920508
690093149730904044
472641894
984570182577817379
714539458580424285
266347778131421285
147376129
1513622641835448860
1766794101208893340
1048340800654797059
1797910989754933547
1760463878378815108
2055880667566665387
1606187511137395267
1305940679484877019
1671256312581255187
569035184
876254761330962012
1831966489971373780
178191462255294004
1897370426548214020
1819591377340674308
1544460261022588667
2014259771982429868
987286134295828619
331950733
15364541
984307345209087699
322470587
325802170027629045
1670069860148113707
541073223
1051648109061765499
1862637092785122947
1371778337575496019
1672924851331084027
1576088669650954260
136823743603247325
650093219936610885
1509952989120645220
1895837932902144420
1882826730259795628
1797079558767178027
1863041060131197587
1991019022407078267
490387527021228812
490387398827344332
1433298234986362419
62548039
752310288595687004
78186692
152785752
281632066
2266796521337663148
112818086
938556692306972212
245373758562965844
357784324
422614595
576441182
266840123929237405
692281523309042444
1499094768441415979
2078537299823587308
650733941981640965
1451123141035120340
1928628558743932947
135868706916562525
290541733
1449028729005659900
455266270529439565
1540573845539709387
440265544
123215209
137210430330251965
2137692503285588188
178198424897296044
136511163
712805194783013525
1834239639780689780
42714686
1388525551276902780
393963171039606405
2012625532817235788
267843322193865365
1950651628066254948
1864707611151781907
1642257396071638740
628657389149579884
202968880844355365
564863134000134924
2015080624364699588
492848403931738892
1308486655209584659
1050351965036738419
281975727
453526067
2076102030383157348
746363933707312892
498326357891016284
2203772363502092548
1882997989223866948
70337671
307734725225580404
547177732
77438965
536749920
360257088
5568228
495764374126372964
492130050579771132
1989855165496700547
1769269616237004580
648471942882863885
437308604817414084
433905822312741444
620780001932890892
2142390568360869868
1496647067405035539
2122151976545681827
203168832953739565
1925905524240969307
177349075836852084
118192544
753073743671240804
1174982954631341859
316579098
2120649865917821507
375449213
283709349
1436222056485550099
750138542552788732
1817913254209118428
511316660
517400893
205358579897616005
1544263359681630387
565545237176469404
1695478962515099668
876683747452669652
390424620954056605
394343821
358912678
394645025913636485
630346972090067324
435048820
482774359
1796558155888898787
174616814
694246183485241324
558042265021489012
1963529862866216980
689249235262347924
371257005953378364
435367797
921220956228925819
2144074324969792148
1372819180244839099
1500618016537302899
629978855475615884
1383502799215708020
138679143770241405
1640731419555645980
1694280803089113588
395389672670889765
1692880656926077348
683458183593951652
1179301877531453899
365752105269481692
564362226
421613671
370038139
746920871838626012
1992717276299460667
685525004311519892
1242555377385072339
1946933322501706388
1930227984566079387
265607345256945365
181854041621243964
1864532476382712027
1542235965564203747
521901592989313245
2117627005469852427
561915250998810844
499397765362100924
2268310364230771188
370423147748481764
585109958406600645
1949137706500558628
2122483838769696547
878267296532283172
1608980517620994387
460242835942324645
2203654168712429508
986308086655314459
2073595966648045988
170843671
1755853616689983868
876922366533025452
1049298128837028139
2053632868061360787
110536872
692706992606029964
808241307289526652
2079848402460151508
69977008
88170293
116109405
36970589
275574723
270713357
680163009523085532
1753684700661404308
39839259
31238178
178763391
1434236060428666899
434008144298461204
2054694691423019147
1368529931836324539
1734395752247083187
2115920239769489747
1859884513361175187
343752659
1046714573693245299
1641968463549245740
1735117695363228147
30048385
72982926
572950275
164489475
2204347826373747228
585218437
181827390
107155809
577749459
178027205905312204
986688576804567299
1243117069771131659
2205750901597236988
1672444203231305547
812738740034548492
1993328976097907107
1574901837189335460
583304244132890645
1818652088704053028
1540460985652174787
744723515562156732
169791092
186983652
1882593338614120228
1382569505554606860
1641441148144014980
1047926765348342139
177212393074653964
749214663069110892
716109093459216725
1819837111707885868
258719111
259746770
2201886753093275708
202699115
488125644232834612
260521601
259284272
1946394306736119588
456300456946100325
426572066287849812
1756137043641008668
306546033158150004
255976092
589379614
624587851962640084
923819538965330459
83222198
2271663764309701308
346459236
298481597
2266143718803283908
162247917
277602917
182656314
146096334
59956856
303423178
422428085
59955754
118342307
562414569
258900848
1447126383125903860
479228580
561788765
167974950
439886857
289046771
480115573
579567839
649898366073432685
429172665648955452
178158458
1707425040179660780
752488704714103044
1498033377548729019
330402163056093005
1823122505152381108
1689719195370385748
487901886537858892
329969723226999565
461094617
809612399633170772
236542103
180303880121453284
1544792225476865867
588188974883682765
1241372260095702859
1369985218463754859
745705224441126892
1541190620549583507
1989262549145509467
1946942441119141788
1963178989771254180
26687841
151829761
984396154113812659
623648106296632964
525999931
64034289
589943033
370122015
227336442
1576698405728533060
475897853
1433082644683601499
108226599
454969268574869205
1734502554963345187
1801661188626689587
1387407729535498340
757699906521299124
97510019
1694144457738579788
1834802929206508260
684993654968676892
1736136788355310027
2268354521200468748
564628160609798564
60573886
1178977082752276139
1516437503869102660
426855528840794092
560933908128139164
988679623193836179
1452437692964711100
204203997056518405
565900493150849644
269167973346904485
923774399435459339
1962950211656611980
1515531303068682580
557787173935562612
332086490
392686506
547138134
175980564945004724
710577960307083565
488165001210416892
360967255555858372
172711381
2015060150837444268
1514966414268774860
180293066182887124
1672103984330457227
648031100623694285
1989788341106044587
924619765903842019
941057744934060172
937525234369135252
1756116534721671428
2141677986859962908
240915859228043604
1513743572243527740
755044183358388124
306693441470368244
685259611995390332
1450315495022848100
922953316212438899
620538669996859332
177542582625696324
371013001281050644
330274032243616485
339036141
1949935531236958588
478342317
244557947
25280093
365087453118308492
1691705437091217188
1435052451834030659
1835625928947538500
681399360099971532
2207179775360769788
651214248594090325
267070087160142205
331590538823378485
346312127
1541254493045915587
749341372562214692
1771083412048045620
621660654029115452
1499841396224112619
1244096630180014779
177541962372225484
1433910621423442459
1449676335757342500
179423047954397204
1368294488623810459
627352825377470924
133774716
223394562
307207769681147724
502318136
491788551052419732
755848169171216084
139127553046248085
273648586
516338639
621308855632105172
1736148705616498227
754326488900449844
1928327090429677387
1051464155122308819
1386280790769818020
1759366086211022428
652199793730873165
561094894475822844
537000086
554969820
540721273
2269018885167505348
1886833856460279428
1495874193595627899
2075299081684983708
1496875388386232779
2011874578465886708
1959216141579684420
8860593
172639427
192749730
25622341
90723521
221764230
239877177443211244
308014744
524326148260461085
750743089432543092
1928980427211890427
2203340591817720508
1603975000302440947
1693218181575201188
652120198943013485
627892619298515324
458439949879916805
178040817150859004
1609885888533660067
941686939072151772
1673428468311891587
1885555558293331508
556891424465949132
1115491732523120299
139945833102056125
1445884093985249900
1305941128603719579
278112938
311106484
1509709011862866020
589108208836696285
175438963
749022074420805572
2142205915502502268
2053539613739717307
520440329
459699192894511205
308509939714033644
621322307295076972
1301379643973806219
272272292
2207122674358755908
494862195
60412913
462591128
1603884685689520067
712784199727560765
436732877
424536926030815452
555445402101359252
1639693728561571780
462476447
1305847636712028259
982225831215564859
1643395714559436820
2015748476135476988
215765840
216062657
752397126785194484
1765728992187935140
258571665
217634763
511075305
519474092240922285
649158649500269045
1670555992859579107
745230343814500932
1046980577592146299
451640538
328651124361877525
310299384
1958475405071984380
1894722907070147020
564141748
1765330276377958020
324549717
570806886
227346017
240293886
191355857
187557188
223853721
431941059704306244
648984958362097965
1539719120194612787
251663602
259410433
260809971
259688665
256653881
1540684922908520547
455369185033693885
752166977271650204
1754286569898631628
135456633981917285
1367032994601769739
69273160
2009730882935657108
983244096423619099
258172619
433547694
156529668
560139047520385324
577493797
95445760
749409744920174892
264820013008738445
120316951
1433515488766269619
1925646380397601507
42335726
233438827
168862813
142318503
43803883
396099879
1179771885452196619
570781453
463660996
433449681922771124
1766228870246799820
341070440
231317958
176874666
577608343
1830412208277985100
1512096958426286500
541135758
456228013693077845
1607499464763015867
586095064661407725
489495301175919132
305555858413471684
308823373520164964
2053968367347172027
1990920022709137467
266795271385053845
242094461452580644
511164753
747155143545167692
2079554296862282268
2079429579147440468
1899658598336030780
877678721839317172
428514769451732732
2011529258518601548
302809360
336643659
1639512926624942220
319270028
1823341203440549948
372859704455215644
1178595030766458939
492913524722081972
1450571434616760900
361506329635397452
985492880695695939
753014476344264644
618695717671022532
137007143
92653588
168864322
242151455
230802236
1637797614433208260
68844422
499175125
1692244338480406868
1961289187487897700
685842727943196692
94385546
241295065655383844
751649468211943804
268181260
2079763039852577428
366089784407274052
1578892094029445660
140767554957215725
1639118528407439620
127560048
514017306
513278976
128931799
217556551
521442526
43883061
130999478
2011908471508841228
1384221924258949380
181577239810484484
1114091242106767699
1896823422398515220
242468134409714124
1540178886733284027
494139555
292949621
1831762621562808180
1948828516969565788
1641568957271910860
584382233
302335984
1819572397549212388
2120493527513018027
1864089757080157987
1864870036715183867
871993233237164812
1829643499568322900
262823066888997365
680345586581266172
1509594062894929740
259811230
304349839921035644
424445616700240372
1384124053249812780
757382215202044564
1174878624409015859
511676117
371582061009086604
433623476075485244
712635455063312365
627933812706760524
624538362353035484
1928056652398174107
107661621
297594005
1885006566206107628
712666371709446365
394028562490067205
396272199214906085
522301356
365147870659858132
1832454101925161580
920502799172393099
1306305538361764379
2266092415419424348
1545181093795074787
749020854578450892
437113391643859324
362424336791907892
497479104217565084
874765268003561092
1609419843972353827
2268658618835468628
982080171702037219
1445901664967260740
476027514
161276004
94463031
156537385
116113456
133810587
147235994
335101046
330931360907024365
1669593941834027427
1925134077331590987
1961605086888438500
208262186
263517641
158426743
108687685
234506976
266440647
101709650
178758344
365086109263654932
332771739418855245
1946081255820075588
621976909586317132
243387263994312284
1431852344210647699
754302668770802044
1866465673382944627
526292744
1516518472881346580
204319811226200365
1759441353305858228
1579851372657449420
2271185708746068228
814719469951803892
1500631395831060139
250836291
250332568
259874246
246804288
248659649
257605790
249086675
259438350
1991342733206479107
1387596861521684900
692310629545089444
1609502270005895067
2265905240633336268
490355080845790852
1832543830704998060
523762992124339845
565691820862818164
1823452115911262708
2205883825972646588
1833625416473671860
295033056
7105834
538143578
112117895
1174313352227030699
430054578607562332
1609262011756331027
716070872281667965
1865831168069951347
1899368150776125500
134661892939434485
1051543571655116859
6720766
27158823
267575674078828885
2121045592385671787
456099464560155005
750278593008259412
2079941628688724148
503145185
369739622
329402459
171742599
2267659814635183708
748989672681152292
1960462407257036420
2010561161453497908
471659569
1670081764835094947
1113780636289649139
626576839299180684
587064179
2076477877339742988
1795904401478688307
2118165649299877867
198508157
650223176320866685
51221161
1577814538217318420
129659816
1116225803160996019
445437254
754959447085472484
2054677224652812867
918386079368673139
1799209798524244627
315800787
146888194
1960284555893299660
936844862355853932
575588489
2269237306246381628
618635659228639332
586522420818807565
570493410
194037772
115145658
20894417
209392951
385865158
1754345815895380108
1865121307658067507
1732288739846401667
1865338262480458507
2206547430695681908
578232617
434325650863663724
1114951245859543579
1898982706185042540
756766498179979164
1893796425114818460
522411779093858445
618032920533225532
624545701095471284
572179824
1109951101387069819
90123841
564273048
457271479
102631572
184108876
75232087
179800387
2143949092224893468
1896138854403225780
136429053802809645
1638704342037104300
1799448250879951347
1736243493668609787
1576537702869555660
712309349625228045
416313392
147547217
1707152227148278460
147673523
2077503352516988908
1756305615752061428
567071021
1113002175207208899
312523164
545174374
206504755
174223564
261918727
1695330456101388908
1835960579261430500
2267149518462640308
2012271956645736588
938038595914535332
1509900518066903820
362494765282927132
626969924816635524
1927274189243117747
1496453642519664979
391256676274899285
503652979
940213879650230692
1820630385635012428
1994010536901050747
571117553
338738243
580331809
584492072
1895023639420426140
751493204181694724
744805558598008452
2138718876075962388
152832147
137858241
83279026
95861828
83694236
571772743
364026599996608292
180309623723443924
562977224
1446850364268103700
1237854939347507819
874422980298759732
717006920224672285
387248896
164856261
1753983505062146788
277769048
416388232
572618685
748008246423867292
108046693
1819554282502914828
2011597034247528908
2074043813616734828
2268132656175116068
648851162771503405
484093435
688711140713948924
393860018960636605
364756533931958132
396293268093528085
395145395933456565
2268169687684558708
568104109
1948678368443035468
1689827422693061148
681846659914637932
463694390
130091734
395215220
194500740
271983939
2052075570291805947
281839171
1543283301976199227
2116638641442152667
585705569
586309391
175407755133527764
983570244392479219
200978746134309365
617773163639058292
937496670585495772
1577178900111636220
1495569469295094379
168744167
2055639875959739147
354036616
1769825429421927060
390423580
1704852437598956180
361403497381937852
982311330452633939
70023883
18487636
686782787312402772
364477999570727372
1672535505421446907
25576641
558566339
329139081
588995892
81098622
82088772
208356323
83976129
48680439
148377751
201122733
194983244
1884043762542277348
871947601012682772
303443903321769524
343587201
456407441
1821484590608252548
588158436
1304347380430776539
162218491
937847043850310172
691090332456208164
1048977963015895259
1495007345125427219
305513108672436644
1433854826269624379
394181181270063285
523279324
1949509095589654628
2265613991254929148
367728069102577764
547199325
573014147
510316178
515171134
488086807558889492
588074109
366598086
85201548
191694342
680524397089165252
539634929
303936162573830604
1702126368386120380
619545454032413292
356246488
518458552972990045
563025545343556204
2117429117783010987
1177995792952186659
1766387439169914780
714528208602794005
1754658913681871428
620049051574750972
127673752
231101669
511551811
544370749
549528046
307616541272479604
1607949725190607267
181946183
435771026360449004
1756668790863413388
1704684162353776860
519465814
434279019972839604
390774140819297885
1603157691195527387
1382622346362910940
539993783
2051700197415681587
586720460
1818674413571452788
1369098175926548699
263880115417298765
412090610
413614179
1767044151683840140
587988835
872245701963600012
303610985810745644
921846563902883419
1962038281592965740
2204839320521166948
1926042680102801947
225459013
489197460928479172
127980932
552291282776870452
518609454174911045
1513041614829005500
1543960835662573267
396556220967574245
2207619525453344508
125388417
873594450974584372
1431234322249718179
1769744444077148820
457236536
1668401111657135747
1371722550963477259
1499073603898583539
920198432201799299
1951276403678036388
1835903517329397420
617436184351280892
502441103
143100245
937522441319493852
167232853
106304288
360122844961390412
303597335694444444
683296251339948732
1882979937433980908
1992556747725324467
920129017138043099
1640923418027202620
1432548542493583179
1496549224012871579
68346244
75143250
194074723
189722368
431527499252025644
580382109
1111347213835991499
62527819
83727446
50560625
1672903200934085387
650868929783302245
1370992867197225619
429390050433258012
618398181223329692
1823454016010477908
433896933598460044
690262625198679764
1821581119292591868
1692868445311049548
141006743
872748213122404572
175796713
485494072
653169921483229845
268980770893564245
1308681876491295459
1452309179437864620
2079862631559692268
502475897
198612170
473431438
358640881
95951892
184226173
878723833557634732
1770779536964229020
433246551678921084
178134644375967764
448426087
648741197366114565
456869517109991085
75925564
186047764
186021518
211754288
571190862
327414786639468645
426719785366721212
1366995233842022859
682595365449593612
1606633378636566747
562328079465724564
683648504186560252
1606238542044541067
1961372536114473380
1670346572586241667
157188283
2141638538279558868
278325680
1958653962438194940
584344533
584398280
582054320
444787275
358599775
506547826
439744729
499706512610884244
2140578525342220708
936395877581587132
2265952101586178388
181679637
541575135
1381854661984532500
434822834
72019254
363638348779343692
1862632328944550107
91038604
690621986163718524
1304433586359368059
113300559
2118231132700049827
2117283548567933187
1755101572448780668
616578071013998412
873749483097486052
456450711104887405
577301433
1176288915849533939
589689504
1863027258846036227
588346834
324038032
1822439568634379828
426589245747617372
1177087094340761859
1449388164270418220
920470201224632899
278325011
181665371
82085318
1638302280723016300
1240130791138867139
937440518666187332
1304433650692024059
390479625992996685
272563360
161423957
83141633
292467316
1382233820466472580
1114767808240260659
523072828671863045
1735524950382932467
547640349
1047718700921149139
1114064060880086979
496077160
1577822002708203900
1735524950382870307
367908719797029444
2051957587921071707
2118231132960002107
1047996849434818859
1048905222837012539
1575394009566996420
1989941347486895667
1243033970696899299
548780301
1733753445177253987
304716456446716364
1050043046421863059
1993578721598332707
2054641081777369707
180477042
519453483786390245
131309482
202291870
623745699536512964
295007529
234532351
754620952164419924
494821375
716046052940253965
585784571485886565
1673132462166028347
1668712941113540907
267904852
1768000756176435940
1607329144763199267
391271924516214365
2053956427082825947
619751647913193012
145014010
368438044
983956777764853579
218960206
135609344
129330194
582409444148926405
147104574
936180160351444972
21357276
275406859
148569285
145336760
2142002679840431988
1638604246351349300
2202309384250155348
1113560868007269939
1924706165245124467
680965806405128532
1046109685053225219
2138405702861160588
1574365682659768500
1368849462353459219
365613327075746252
267124581096392285
134628861898123165
1511681407606078140
1823892220515115148
623621037160453964
174003311
266479271486776965
356910915
1496913557966182779
446314625
1367679949525145819
141769830
936197453859029292
473038438
216497716
554638598940475572
744554218816909372
938651118540951292
2052103130422550907
1641220047902566660
1703684993018870460
682892947842588212
136250027363846685
315882674
118768489
552533443796201532
181396661808564844
495490934315280804
242017382183696604
348700281
1497174143195616939
1449992469608131180
68097289
337730698
177534808
536747258
92633889
270769460
537196344
1818051174395690548
1178192417030113739
214391188
755028739619826124
1434260709268572659
876302776260145892
106405750
148315414
431377775834425844
174292928
1575369890900817540
210320343
423320137
92811383
443646941
2052135991963456187
1497457916605757299
1706732707998873180
521054321582373445
168952142
174225482
303741904152684364
167936043
171347084
241656635
1924240507746213987
436493427
457608955336566725
1606086945573080747
1988934773984513747
1497449751278561059
159359519
414088429
808211401015202012
178464387061889084
269527709
871948931389960812
681293901916393732
371384942962530884
1817675794488659868
1989364669963337347
1756585263410270428
496153264878229364
1946624804863295988
2013140696859803868
1577019319750379460
808236199280976252
1641169446254991900
103548341
554856686
137257857
243785360
649338632699623565
2204181816641753068
171887937
1758584049814540828
14567347
209167852
247427064
630042334758406924
329619917049595845
180918336
94094350
86757274
102411162
60426159
553898873969897292
2202826142599283108
1797106707112255547
1860434216070955547
2012550310378918268
1768709402242611460
107743674
647250477242210925
371681085
591008326
326896433045509805
940758123117187772
1668909355359920347
520993284
690811716673235164
1860338130393980667
752314045834492324
1833028765154047620
491607524596416772
808535766396424372
435229496853304964
125837677
32483576
204659672
230361376
103266552
1818268483522122028
137379418
623870697246541844
357966805
1434012472645171539
1046347542939985819
1668029159525142427
525030003
580007598
457042399486859045
519769023
2268715755211583068
1305444556218808059
1690605746346938148
391803417606888165
2120424093783625827
2052412551349608747
447372963
2010637419472703588
426320361527980572
1383144675631871660
1432712000152053819
380440730
557267894635384412
1818714265589076708
391659789
44725392
430875163
47116964
95731628
113127827
8715321
254702313
21886382
13540022
4764823
91415982
87386027
231739164
275766378
918307403648747939
872970573543698772
534905203
1238285034999818419
1432758788057753539
1896988029278587500
919799827301037819
1767801713067735300
1925697969487311387
1433198436238428099
2010889689161392388
328417170912139245
1576227531612006140
328294380180384285
2116258327725703187
1957878967078430700
325252083
579825263
105013849
555804765149417052
168701829
807937878459728132
1539970529527697667
567344727
1690966521201082668
1368188848923351179
384429493
359647053
561125654008223964
616657699142787132
1430789979535779739
1112176116871875259
2074292797306135068
808590156746370732
1433483324021134899
498265032896538724
168755898
940328860106862972
752842488563903164
921703680901212579
1240495982046382539
1987775371371942307
1860000291364753187
1829972606442546740
38199828
87003125
1576490033477437780
360707753040842732
1863683400660676467
364286657939280372
119769794
242222270861646284
713430417483474845
528818676
1924711990805598067
573514663
181985817
363973661
137781486552173125
562918685308524324
1989540570967769667
362444076715221372
557086936
137548281412429525
206479908
64900100
517236022
443645852
532782868
227811811
1603920821464301227
1765834301961451140
109862389
1946225348799684148
104633700
162693261
129731227
621464396772421212
923584005641840339
2205626513655389748
585415908362881445
341365099
432207889311340604
410541857
1544209394058087987
2052480262241620587
81076540
401141341
1302952079586519379
95918000
240391672916568004
137328555203057805
1766101367150889340
424441675
75187101
90295856
168371311
1886687781284815068
689269553622963964
574148981
1732707130786090627
922428231251139019
1669616361855807507
436685101
436678130
427636220680117932
1385859277527951300
1305051620720261059
458458155944146485
1431913766733404299
2203761086755995628
1667864701977796707
136669122
368881851695356284
523485649
1496670180911155779
217827535
1795817190573108867
2205622963086492428
243388334
207968897
367039291
873894652752453292
452552235
2204895225627435108
1946568811424494108
1239557579205683099
1575317272474019500
1833988813952808540
244514859
150209088
112705408
230730429
161175600
381803907
168164836
93207774
1928654781616877467
1672352869701214107
426573331633816092
1926743495575215947
986873593735998139
331812449254406325
623496833059948444
1241067907550115619
1606059978293219827
331684511924025045
1302467501321656379
620426308751122212
73500910
74203752
983314809252648899
72661328
312472280
73021564
73500834
358793324
325867447
207400343
305203696
363966205030019612
2200967628565720908
356105801
242684512855988284
497865747296180884
459086044
811584078890525092
307755087447004804
427710969273782412
625564016106072724
1757152326888460868
390479497915542285
618886596292698332
2202398150675858188
1050319154246646139
522332492325279765
173884036
1821580253206724828
1925758134844080627
1950514998052836068
299094477
1641681308607949140
243527674012943964
360282044679013092
134792197388724725
2117799795033181827
392432398868773645
495668546012329884
2265891602413908308
457239583037466365
650503582616418565
1959776679865394780
680923136464167572
1957623975678597140
300547771
491599919098683892
426538100
54348925
179532920
1542638845948837507
589626960
1303386789816452699
1302166795358709539
1638348756486748580
482558283
113918981
174617063
1513250065351424460
209261478
508845832
356246083
750719833100849412
1541845344848785147
985567310746490859
1542889695859519747
489531142
1543402987352260187
1925304644494798987
136168488
560221383
573603596
1945866884142031268
90276541
28566706
197973250
118720674
712787551410816605
579045444
168173980
584875468849485965
1111503603766159139
279749783
573237766
242613970094024564
383357694
646855021068355765
1448184211658331980
1735263362356093387
307223366060018164
1498785883426519499
2118783844843512027
362843626538708652
1819253056646975268
1861576197911564787
434496954515135204
425526058669719412
433482528269297924
1692378856888107748
361058191858020452
1607091372668530947
324038070
149614425
688061558945265724
464781773
1732732897116827547
360337877626335692
370747624678897444
1369937081532324019
364693748657774132
2012643636392357428
2268552860788952908
1575873802205931340
754694128672426644
426349914070187732
177505194597668964
560466582958721004
1863305244309066507
382579556
1992456869775372627
362239545679531892
2202945486506118908
1046656683277977299
747313266578461092
1886382838682410708
178841752679410244
586348513882937245
438200476
175801136229873924
1575473298097059460
556306871085698892
569488581
1767481888780338940
133363845
97213720
462512462
1673143799139402067
984180283380090459
360155823582973852
1734491242318307427
2205234860354224908
229704823
169989364
201035154878224285
394269899266341565
1513122192066795340
685478623336067812
365089453806600652
1759058750651629868
2012309809148940268
1925050299745108307
1755103110097051268
1640769918409308820
1884978382039544308
436682095
1642490016913029860
1823663534158778828
1753796100001948268
217863262
1732888843831103587
419189575
367946031
423150753
436203095
1821964075829854908
562551099
1496845299883448579
270459678
416332000
436216990
266800261088323965
625904169078565284
564399038
22043848
159724997
307837077556230844
1303738867272734939
935940647405003052
490671875571331372
2118331583449837107
1949861768692072588
507289564
2076894632012627908
580605788
1771238892234762540
584478152748631645
1733719922834157467
942004603026542972
712929238573492925
552315691
551128052
26957826
380996876
372891062
488458103574372692
177818884
585473365
1308618206264453059
188542618
1641686488556595820
66234163
99948776
522347586452568045
985987238329354339
428349113576169252
691655865564780124
744586562062712612
1448667334001018500
1539811498915668707
1509598102142617540
810619205937835732
875764939860651932
1796491645032296107
503119031
1736024068214673107
1950332215406788548
625207821422434284
1367517089081579539
450272181
1431738290467522859
1431159225556018979
1369699952239503459
250901994
1799216437923914267
129325186
2140462731484417668
1830847158640671220
555818973
1882561924427665188
1046586764469790899
426893542859026972
2268750157314408668
434017212049988124
105961051
1731868491833929267
808420349810818852
307846390566898004
586761361
550320844
427554153148035212
873276646297300932
1859858405674365147
2270728510225133188
430107923
517736008
1606455689114062427
1706071941915166780
330097339864131525
1542296003068940387
691847737051122444
130176675
813359371218726852
710464952670930765
395676085
429716933969313492
2056718471307010667
265697397193815725
23041279
1049080921167514379
2121942978268152027
1928295448962634107
197992997480740445
571514020
586607268
490982519
542619288
937682517164696092
446043437
366178441224651292
1738280189910643187
1963530814743357020
136794571446319365
509870319
87341948
231247410
415092985
1795478371739189267
1540706210210377867
402284930
1641256973277951700
586355948753128005
541785121
206215795
1174980749817292739
56543176
1923768243176541947
1174318219041864019
579383109
44093395
2140887510438433228
1497622793378171139
83775845
1388196247262852700
1051986444869539939
491709146236793172
166120909
2009922391001919988
183805306
1923993103189864107
1239474780537600739
1604159131652620587
1860093645187371587
575542913
169586816
1946777470902244028
551910916256756372
1387229188831160660
1308367879939553859
1177545705473075579
750724681600643092
429374047844688572
1045951740005918379
253123339
1494863767147305699
1446620522680453380
616901758596821612
1604640736577404867
687493297454802924
360186994493612132
2009857677987708708
1795986555067076787
1238013719003740259
1945857554279354108
588383141
626724997807335044
1987731111050723787
2202428857409344188
2207543350683885908
1430483106647541979
433419095030155484
524538626
199595780204939085
1174327983519529059
1384165846654494340
986102000692582979
159484710
2268697662322761828
2267580739697287548
1303761229113600179
371207652714215364
424222553582600732
1830788284592711420
444335941
1756379072581399068
447664245
284543361
572069065
582453446852245165
981249192493374019
714126182802152005
808119228269044012
193090041
279405625
446987890
567654512
1111977783557929579
527034748
1894607980511467060
1510434961228257620
1512478875577026340
2074230804668756748
491046275369480372
390696033575205285
648759134517336765
2054625020972863947
626388169398851404
182544667
136078747633833885
615897065382859492
710896492855343005
711248638570542805
368319656082622084
1667825633491141267
1671824589230768107
1381598354723461100
1047570315461109899
1899285233756784460
347316194
328329956859337405
1881876114401518028
65962233
480622754
277712048
177067027266955604
279720924
2206424691020566868
2055525788752990027
554096977890230332
352121913
809400139261980892
134567143097820765
744385237436117572
2267306311546052588
182308020
501234519118137124
941886071796007412
198842905639922285
329999356
2139395618754572908
588333012466530645
561577600973584004
565032706345314604
1243252964801648939
363156894
516496418
396922633913042485
200377986
359483191221543532
2121396328815156827
2075134989831447228
616330161370550732
1883862556055154828
1112694457051249339
1114264612316497819
1383001334985471660
237595343
232770414
164039537
164122927
1446642286941664860
236310178
236309891
1540242456270204587
467132319
145951445
1924837767711899387
1113728991310817979
625742708144461884
1702664717346232580
711659772015336165
1670830194942599107
1512807243783117100
1240829875818424219
1448822342376990380
1433291964638238379
1048637867750328659
140192845
186855579
2137857804958958188
1637963978315253300
424119973699899532
1859795541881192587
710758463800285325
2116350962973052507
424816288993084132
711445739006060325
488548032344174932
1495107104147445579
2011092494882521348
42906568
194713978
224530945
456100773829023445
183936162
496367443
1509867797126953700
1109987541400627499
2053337927979778827
1893739891806218940
387577982
174953339
176873894
59369891
101398677
258539763
484087619
214808040
683451407182077692
494197691
212001805
1732993361848168387
588277378
2055496598579191907
2009623402081599988
1175867797328128339
680934735224491572
1893798959095265100
1987804386289103227
1048135132579134219
623882854188795684
918823361188812699
873144733025513652
142913050
982522564272363179
1433464715636418179
97208456
1820722883327766308
2266430712638968428
555044049600990932
370542801264666284
1045987820189767899
1691547087955181628
1240394495269877899
151728824
331154766
424220710162973412
440515666
587442097
296403785
578156863
203662228
1831485249178101340
225102083
202521619
241697090129414724
559447676135859884
586584469
648855393702999845
1113417757696010459
550447963
1496037887763097659
1110269442222151339
981884850364999539
2138763480818823508
495874402378410684
582950704308762205
1540537601435373667
874327121834565572
2268078424973652308
1766917087148820100
44273674
455013789478161085
1308423802745067859
921710409110600139
518707170
688454409950930804
151377807
1704098762865981380
526738762
272307686
398190981
468667692
367932512436066124
268005900
59581965
510262025
582458014164158045
580301555
424724817734581932
938216542273524052
1754354016308830428
581416070
711261254423005565
491461553748529132
1733957021191671787
810498742813581572
1945601529029849548
587966613
1991296499733864867
2116091286520127787
489423010988142612
1239188078968862619
1367769296230819499
584445682
876298509020680332
63917976
204327526750766765
1703589738762045100
1051289820498340099
1384959671886181980
685796692776906452
411048292
121888177
366157195907653732
717367489197348485
2080020784862896708
686099371042189332
1436488613868636859
693769296697247444
497828385
1112196226926950379
711532900772153645
458664514088680085
1766486651956828500
1925596036085485707
138493101085149285
286109217
213933161
426127919
286196761
2268471530404507508
213567189
1766727814190766340
286540285
1604687397309574827
1992146538633535307
563146573451024364
1604654828440670827
2137665322912637228
982465157351189219
2074113848750338028
1366141070911416219
2265665553219207468
559553835104733844
239681501645072084
1494080062619227859
1795730490085613827
872119458207261132
2265601194109616028
2077340731221024828
577290136
1451051130697738700
1238528147929138779
304638384717011684
245809425
488768044138462772
244405688
231214201
1987794388953285067
289197268
137191727
105432073
543962269
170767506
43610570
361145877
681421710266048332
303555956207888924
2013762396145287868
1605848604359671547
544195411
1445601497452615420
331196405964478805
1111814255294720139
303931115504667124
292407954
482499032
1430220667550812859
1174453730858772179
244475418768615004
812263411265687772
1960077891547945300
1834384912241961060
620640374481253012
755201743375795924
1512285627373127780
1925947919440683747
177272359
617552345348821452
198628518535912005
243489291
681650801036419332
233855886
241328507191261444
689381531692284364
427887229
1959759259610798700
1432772624374896259
1692555368164139148
876052024662516452
650312950573758805
647005625324386845
1542062666672857267
1888336782166847468
920988689814682019
2075477968901828188
562695082892970484
137291906087573405
1882084174714483308
495810613750196204
807989354700726972
1859722416283067147
2010084499191308268
584708850428914405
1796503594314478187
235722568
1832974459233351580
588562262
2052412857957408987
305473070
107315524
73808498
37926980
1884490013168897948
1048002767204935539
680464184384602692
326648092298042005
230139265
1755702069395796388
1383914874829527780
173278614
156054346
580689976
1766149207424850660
369187262058625084
1860494889090941627
338820751
1796069892706583147
178022885
1988242262844141107
577886546
1178737742862182299
443157026
690863919714596404
1957739032957532020
1110772431883192339
455876024227170925
2266715522414112548
1609749440467530387
151977874
469740461
1692088685265788468
547245062
983969133538109059
176003069370886604
918970376151419059
538836248
2053380206447198907
809887364649807692
1766467139133491260
192304105
329399607003368005
262454103552068325
1604315300239249867
1498351683827783979
394521365769344605
2138030352300311308
1949319904393309828
243193859237361804
145008345
431717497054296124
1927130702262365987
747391940338204612
196091299
1860663167974453747
498569983899572124
143653384
2078658705006071468
1835338190153594820
491248734286651652
624769304278472604
327423491
1960540238901566020
1496137853752228339
490373476836236972
245845170200131484
268686634538727565
72938032
535665243
746132829298224852
1447594579136993020
1668198728122421867
1759904565593387348
490944911416717372
12943630
302696585
1498983183616132859
358950967
32749218
265207445682837045
508080638
263135888480999845
2140576413254934068
486613236
90384319
1639588018994862860
586991816
569422108
521614666011858885
486354386
414074967
477361936
2013698266623398028
1945954766973616828
688253064872209044
499120926443259564
983099518513018899
182487368
1430161985294223259
1302232978104760339
569783716
445834197
2117562253014867987
312746996
1991457485456765027
2137913209989194308
456792555476875685
587165796
305824463
2075197990419918828
197576943
188927948
919539833453496619
1883422436316827588
617412210883038972
2270594669987524828
447076776
428355344182444732
1923478796201669347
919156372858686139
264664838
1606118209436009027
1576292638416107780
2011206726241763228
2203914407939289108
175727086844197644
368878827578886564
1436306075342653179
924565915383961379
1669903403012846307
2013716242452902268
267391926036260485
555014354576413172
479356473
1860600875149241947
1304044206087158539
1946305672134197908
1822543430363517508
2052892682963837707
2202296243048583268
1496749684043151779
543700989
744125242353938052
78172942
181518259
1771427569005660220
1734494942758841907
2011626506634498548
554257289972293532
1639742512278579380
873810932421394452
132603405
2075971225784024748
2272330707108220588
1052197034427442859
351534010
269101497765648965
1835506662364539260
1388570351952681660
437786100213786804
543580107
749950909219212852
340252554
183373083
306641375
586691262
1731889158693490787
1638569605484779460
1433446080673372339
1640924376085104860
1829834499587204740
1704367209546065980
518872665637198045
752784078498310124
581054978
578501146
128334647
1574225099650222100
435091643706395164
228315960
202655117267585805
1988129453476773667
1176716600250788379
435605767293404924
167613491
533868203
570959704
2613740
1432783548164290819
985324656217446539
91078720
1384702021343611020
985376944438323019
138148821384259725
1047597093265459419
1962037558303917940
1111657884164803339
100841841
504824267
714304514773530365
1176489674035803979
229456814
473241215
1237924782518445739
1174987335761294979
1048291988390839899
367745566151153604
1510627466153462380
1882530213293191508
2268764617753817868
1240066415408035819
1821634619729277668
264081940848687285
402439124
1500627485236255219
692826083160664764
751385252992232124
936153440709762812
318692828
199573757668625165
475278594
1370292031827097619
1924664817673453387
586419694
473115439
483700997
2138143708970754548
178771607607835204
262908767984092765
348787474
623897184084117884
478992758
1115117761115309899
139562344399632245
372148155484412404
200553615828896165
368770782114084724
1694357413384306668
198697439
918399975984384379
1988183126850346987
571100434
2202792363391398508
122210908
569298036
477713199
981913930806979219
358632116
1830219354222356980
808247252120441412
136459041557346205
1511413836192757780
2010302888124039468
546141418
360213624629461252
490655854594281012
1306172433856891459
1446920140074055700
519349810609792765
2269878196637749388
811495981919239892
1962141774699694540
1240191429841500899
471838144
469844700
1703557173039953940
1948092354909953708
474320601
585497586107030005
474307409
939124782005154532
2075076213445029508
213594512
1668452325704879827
919740503162091779
1429966623893494459
624344544981449244
163755794
1240035382602598779
425511865
1240372719261808739
1959686006135367300
327760934
872691128636690852
2052588565440463147
156703672
1860318283370917947
1692042475031196028
540628471
919675764695357979
523158139
412829525
1366208731268270299
2204887901307608988
524477328
458342381
583014581522376925
1957918432019528140
1607341420243386947
173667090
1605071872079680107
153439719
1448060123500082980
2078590436136767508
942153459138178652
1243628435212728539
563119390348171164
874390753726779332
940782580297777372
693688857126160684
561031706
1670484887154884547
1644447845839391060
1515324861014108220
430851746354921372
1802404609742021027
1540887936262074667
646992694289352805
2121325671995772987
2144079068174123628
1642749445818542580
583578060
2138560150416253068
617158733385694852
1799582537425973507
433292721811973924
617994101946602132
460382492
1693919100792373028
58334420
529414473
872266193195590372
554811430
242507209719834924
1834054182002473620
90826291
471097307
209546207
1668714673723014827
1757708913807331948
362844922132468332
579109916
556285567
2077279662906687988
2054324824332382947
176957565
360410613912010892
581415135
921271494555473699
1765684450236446700
416369739
1755137211568734268
416684877
1369240758433290899
542346677
1702058219792311940
1702047268269107540
617466535743741812
919628093098363539
1050458354502973699
751699961293666924
553693925597069092
2138294969963306788
811055476605346092
713552250729539125
1574168412370647740
1579232126135163060
371851406535645004
243925499712907404
3401703
1819479687022788188
918280314363319979
428236740747231772
391104844456965965
936118883046141932
348189044
982956582626928899
396392283
2266518861122962108
920074179844557379
405702938
681013835150835572
650710872271242805
456911769527261645
1239108949801236859
938152478064852652
809933287286587532
1694667133438804748
200319099
517805938
2121134509924138907
811404967385485332
139118042
35860567
349556550
107437650
1946958200930275028
1821800350069894788
2119269012611985947
178870221361772644
300510781
474858122
518443121560357445
1447551861292595580
1382384811270052100
1511159752712959780
983001161357896019
436189074
305943983
1823404484957360708
268158828351576605
685295352537014932
2075686093207503548
176645621100653284
1964380213662791580
923976726312028939
942534508281168052
168108657
148711403
178909783301290244
327869814604397045
1048033570896168579
475550781
1447167372043335740
2138260325383221788
2011378686580011188
362209413274202692
2076275156600701388
264624944
924751470615644139
360585124356022812
431566337590134364
877000584398262412
981933479534069539
1371905420152207859
575336968
623655877381945204
519657574
1668010339432029827
199577653160761205
361605166
1768187982878094980
1821618513924046628
1893943908386622060
262564976494864125
552020629490327932
1606064552066756947
368690170321475564
169398535
1733774158746144667
1963633574232341100
520296674855184725
1371770642003200619
1500204978514524299
195659873
1576733959800719540
359677812204777092
1689807427885375988
172306915
1767103290163518020
2140672779907002548
921637016537957939
809943850982346652
250842656
574790610
272072700
569717234
492219893531411212
205629170
935485409120981172
1495631092939397339
497546277269285484
2143084233815297908
1116240515777177739
590019561
552215734409203772
2079653696200142468
2010273534705144348
496372888
116557426
1540737532454575987
1959413773842893100
60027200
192483963
617847307269026172
983506628034816619
1605593541659578067
307454047585941204
754097942599154204
1385924318996429140
711860422458906685
937850496773435092
561854819
192380773
489464008917163972
380828498
84089675
177655153959634884
1895598654413834500
589250323
363639350
2139894430374371428
680780691655033212
579272180
559628084
175688746078419004
1692068176093380548
923016783745956219
1115159768325765259
573596781
363145741356839172
1637863004172462660
750615377429492052
2140092923136339988
145647781
201956886
230033068
1573644274951915180
1897578345273005820
431425751113734804
582522622577629765
616064828207337572
1896148205198981340
200448937480260325
1831098453784545900
468421882
243208358690044484
2010571949187268668
1927219976084493067
1960410982745262660
427546894992084692
1670500275139985387
1382804124029593900
1928518275130216907
198723689982408525
487906612497088292
561680570
647312890804680325
1862617614619333387
577198537
1754828048333652708
1382073721376880500
1046224619841792139
279302496
587433532
584120799
1704460947397089380
2265824164383838228
2119463804102197787
1670491607473390307
480488686
2138610948686778268
182870567
746642811927990692
1894071908892538860
263573260736866525
552180899434033692
1046831611622368939
1604165287282987707
262809819374987445
1574014130381629140
433987943120759524
1372020076851537899
1823327934162731468
1673992453890900467
565568605542160204
361881105965678372
1576740033583646780
81933814
563026828143049244
57611458
425733282507968532
427759919667371772
1957676361226454740
1927261849639600107
2074244948963135948
360671763
225848836
917635063911597939
159963050
251252170
107308246
1929688530879581907
2206850034831494788
2056978060494389427
363775867665559732
714734080892421965
1435133615083591299
2269897960912478508
1925805290620898947
541393770
192041823
1733536926715895987
2053770397523201747
1824336524067319388
878082449650942452
135186176
40427806
2076551842583544388
680406247556432372
809842361286274692
289892206
518437136346343565
433479857284245724
877113730480197532
530080558
1574608746292050180
389930907195643645
303556582444407044
271664128
464334439
318772087
1957700605270333740
2137913335818518868
328372878499887725
1832370961660118940
1861336615565857427
1883856825637347428
1767879056146032580
1496436361382451859
394220757622073965
1671289479227138507
2268123824087256828
391396924183168965
1448490571662591660
137964446969984845
1447374996553820020
499257152775788524
1821496725368517388
437756497
1799285871597785467
1434090878940150059
616933855690043212
2055613870831013467
269468199
1765683015586744300
1670366986146418467
619937346466414532
2052429290915463707
624370957653223324
498436146103200204
569421112
514399703
1693660984638988788
331046189
743483808845095492
936008604692857332
525855390
2053690504074928827
451057422
183756978
1238490271517010219
552607218433359572
628479233057819084
758284463332276484
501588005936380164
716492440071133645
652981782665365045
688022381773052604
587624840095749765
2142388412941078468
1047232820268738739
713911831565769165
1049290137426564979
1049687255646505139
307228074494470684
427287963435016372
1244440770343700219
473144106
1693450156092510068
1604928126539666107
2054322617688158427
187459889
468490911
809160752429699652
458570289496562445
424653449609019812
500826260270986964
2140045943728529268
369192228682983604
499713089
486258718
178390368308741764
1539932480384728907
393959126
589579656
290195541
492053267
1988692737993146187
315854088
112525654
399613228
360376151521268132
982605787892214499
2204665342461206668
327552105212893965
492216925777620532
158392946
91298388
437317638289127604
1604417791805124547
204161117436360445
329708221421819765
2121259601132658507
484291706
242378038557087284
243622988901914484
241384087
347063990
1733212095736946467
1988291793792217187
2011871720909938228
423882581895134932
1925380434929184627
431605553931434484
1045840477147432939
2266823222038479628
711924359123932885
262643716
650218307785426565
475549094
197053640
1540249954081825467
110298576
139862367
542010496
495541809590072964
1829953699834173740
417790057
153739779
2137997961340899628
554496538
1638726466400061380
1818860563929611948
2013162734239940828
84452051
84416223
2141840158163550628
650543636924361045
1369734165051054859
241676713572869764
982531864337807059
1051349362363607139
174982825
160267840
45271953
1948872110841745508
76914795
2122481927948402587
1822855446263534348
518566591608264645
2201922009927242508
1829962696233339260
427040840876450092
1886994770652193148
70713899
329704817
360653964
561542992304339644
2075827182238834428
521421516
1606238669990310187
1605649410688626587
371206931701848524
875213730656591652
1574057268078786300
749013519356895532
1052044627016304819
936088722601029852
136880298
616506691902390892
405938577
581483256
1047951359270000619
1927324769846570987
1512231401431521980
392434313555830725
150917818
2014747552580681868
1704397331307592380
683399425987428452
178552437828491044
478798854
520958292347766525
1863089216882249307
53670749
1368945238270125859
691206394750715564
279366276
495823286701737844
1540675443783200867
1574756391222098100
134638027066845085
424589575
209685036
1831487891836836260
1733247915077316907
520508188497106925
202131974190515765
1703073328447293100
2201921608258469468
680375244793291132
55592707
132859664
197658566
177297884
474429172
68907712
489659685
936498822829126172
10463917
1370053710715300379
1639803637555435940
690009479113877204
571062575
488867060
625602679987369564
580373032
1431819651426928699
522592308415719165
1369878524589025859
2115980279180382227
360018165190234652
2012807843044978228
585673527
560570832230938164
185686285
170557609
745072016364184212
178196507
646629672736343685
465281081
714914451006040845
2206073758289256468
1733585985226764467
1817563358450045108
305992961396906164
130133597
90463845
128842090
424533806
310472233
280237807
86940125
514530135
175749403
147836930
248082199
570664690
616460114559332812
206752884
199248358389684645
578043468
218055739
229433790
45038036
2207782089295270468
573710193
1832492988088597220
1834032737379113500
1755406623179194228
275834549
1384761880355051220
1609832157170147227
621990257202860812
1176824138811403019
584997268
179846759991670724
460381508095085005
2203499102057546508
542983957
814274580010586532
97844875
1690626150182678268
362119446279831612
1575953231120086660
691260538895264524
524141188919650405
1573616670982625860
519478706218052045
488561365230108812
412915754
488988770986401932
303724666536557284
424265448097103812
1754726476661977068
1926909615413485187
317075569
1382177149004277940
573979730
710464952864098125
369192858209327084
503492245
362083858
557372526289539372
184530431
1864195668008336987
1387154906195241220
243268055785212124
1707198153379747660
101507893
514238483
391606663398795405
748373836608356052
183934707
1111080993990420299
584860785338948125
1382621780354714020
329422336565336285
2011888299462279508
1885489995949436788
560290705644530284
1385023480263260260
195563483
239896313058454044
1430614925434562579
919038423538166219
137297011498604365
1835551853060044620
189441968
227734420
204591301
135431269
588073855
578829835
1900437072861829740
389516605
746527752404795812
937379872897237572
2265638801321218508
444500450
1608863589825609347
137021398395337405
618732464967114412
425892479
1430733473329346139
2058207162932195227
467396753
327743136095996245
250092444
69447761
810509221290995932
591038776
120788803
1431417539196303779
1639345238504683980
1734544699088560627
200414727898139285
1690112858785046108
1432586949802567899
361091149846904852
2120593838715998987
370022638634953124
302513229
361656492289585132
587121339582183405
920900767089530579
189908579
330526160652581045
272823905
176721156004542644
1383710507559434420
200883030420137845
519750635541326205
422468762
135718193
16682194
208501012
2075617346195407228
1798977440797994747
1607604285336301587
121248691
433633678574802804
417899641
230784377
390034884
628241333623978524
1448390393537157620
1542086540469219907
84305088
106952074
2271597537630158588
454662853754599365
1637702843431168260
584971518
98603586
242674316
589452283
687515045355423684
199827213200963805
252818155
1833940316943063220
1756921388901531628
425749813888499452
872016702161662212
745637884750426532
2119864473567940547
2137931276717047908
560317836
1924876959928147587
2058079385462223107
691927747863005964
94635547
985366869657118819
1753571066882879348
514598032
480418937
55354087
589112413
1769524578756003980
527477805
751513445650827724
458369233430800525
1693967205664146188
355848710
370783589733770964
1818070690202677028
556364786420806012
457883540
1495183342654658779
2012376824817839708
386442824
144671385
2117193455894172307
202806898284141325
754586508408756644
2142210259000210188
430144737936822852
396806791
1689990924570124588
1835278440532551660
455350908102007205
558453873
2055190784621355547
434759656648013604
329377934
1609448018866107147
365989804151713332
691635935048301204
1384926001332193660
562777867657447964
388180306
363581914081615852
584955373028726805
649430281978169805
552541598060715932
1987711691605045067
307905940
434483610404154084
2010460812610428548
1753626631899741748
396778345365695245
2271683613551649188
1451836970622741060
588758825126713525
621387859757740172
1450674343240550740
2121884965224829347
1737299313890500427
921038787378022099
2266385043165380428
66298730
360149277308076532
690296229039991564
584385365
2015527048559054868
1672279753394229467
1989778561650126787
578746050
297257153
1692540677191324308
1512059434496502460
1884673549447958988
66195505
1894933476290959020
1493903618587146779
1948952176458477348
922359892354488099
755401962444397244
1372216170918225859
1495061075503340019
1701697227083643180
1239201143492024299
495404265067607844
87618775
220159016
936094384419397292
1366654266255718459
809831593085817212
379907176
691456348708727284
255453028
2137831153235611388
395607337527446045
1753557179693129748
178692588440132044
1797729431136125347
1957877906579773900
755769945444747964
346756415
201125150257383325
428420733
1383805243092141940
919698170647562099
1430924748175575259
132101781
136845364326836445
227285888
455957856564885245
623627362503153924
1304922681936762939
1701872497061591180
587410907
561214139
524036628413876845
249151161
187428696
220424807
556391383870575052
520031808744228645
1883138385005928628
986131645493462579
140230256558967005
60306586
938915879162498972
1947592022224354908
12066671
1052574031477831419
12094957
1897346452172031820
328930194895468765
275037855
1947860680363409308
369339910251895164
124524739
61330620
684042874913002092
2076172228387852628
456633702202989085
2076500019689956028
1178897459322460859
648133764918073485
2074238462472756828
557924231
553195618059006612
136090121566275205
1384053428599532100
1433732244377405779
2057960382838776067
1694024428336610868
1573673608851056620
1545063636714733427
262450240741587325
1640154090721372660
2077558877271338828
1797869378085449307
493254320046600332
551874959
403058050
434293766005520484
651333713099433685
301273779
1540970197902163547
189145224
425977958627213852
554168584884724172
689394909894252964
1643156934056519260
1545900321315381027
1307665268943063659
1640229772810824260
25971205
1674398714933157547
1989632911471444107
277011543
456667292061026525
1862081903336686107
370797379171764004
307506259439766124
532740866
34494332
378249634
41748539
1733670400962818507
1829667154385398180
1384469892393952940
380374009
238338259
366743127
516420751
351036454
1753750747598737988
284907018
355693834
1368149383674644819
1927131399381905267
1513233081425070020
1899699743026944340
493437032834178892
2204519046804307708
625733675965405964
1512574597126338980
306291666514397604
306357474406487684
2139701866256724628
2141030033434493068
590013069
1829907463219783580
488850942411170372
1430591478083799579
623509262866827404
371128704439302724
874122009562713972
498872910073411924
520612111415794125
682713911151992772
1897928500683212500
875883699951153172
2009698668418571908
138490751458453605
2076199144780996628
518920534849419485
378025853
1447937338520812180
552100524614418012
1733271490737512027
489715402045346332
498605734052461164
1302172370112338299
264853591825722005
812071938080263852
624609127943625004
1116429256901560899
1755151323452694828
480116846
686747818842509852
435956366
474864308
92028481
266216136825534685
114458751
624009254842373804
352101577
1987985300107562987
120322502
319708902
476377510
40502071
748336801827459532
1242255636353791739
563948838
458778865860696525
1833727630566472020
210835547
1829983999080929820
2051941880950713907
236616442
230694773
255738799
751633477438122084
1923985845504750027
1702364005714155980
1244554397753415379
167989314
2075398367996161948
307398704533264324
1888398689455014188
91807329
425522956389117892
443646988
1988981860063531507
568976619
1989205571489886147
753682320298235724
433844955720423644
1303855452125174299
810564739661177412
424861399015309092
148392575
67596683
626961612390447644
1946569268952751948
241983567060649764
1366736446643497379
445685011
628035563848956604
580491070
714914055041254965
1239207282721556859
541066907
1639689564788930820
625278352098843204
540160214
487874170926313612
314583379
1670990141992624747
874401337462117012
1704525203868415620
1959180358963067580
2265692640793776348
522815292
682843583509655212
647443365398206285
575683846
368431129
620166182484406092
2203114354852569428
368425526
230163791
1048921840367380819
1818505123865817428
1862266827204354667
1239350474568775859
390680660704261885
63433325
423737406
1946833205939745148
432521697127553564
1795678282775810427
1989752047442199307
1367357880382453779
2053045109002559227
682220233901535132
1366466882059991739
875329707295097452
155122031
755276060721199564
2115827420655977187
522133175403587925
623539354715797564
646526958705485405
424405410030805492
401228626
1383901272948274820
175901246
1947973221022507388
363435469571531292
183429334
32498984
2077482977531506588
2205155646312911388
625554161314658724
1578063587637750500
874556551786648292
574836301
1545318791359151827
364788813211042532
234291815
140214630
310634510
32460263
2116136059714204307
1575617350327859660
1238057292527606179
370183641611700124
688011660057913644
2203763567467512348
753375210885864004
1606392085482200907
337283608
1304774371443845179
625907153382877964
125587045
130065979
753247016201489124
497617086
553894202
1371660899283118659
332224747037641445
225487731
184000942
196883846
300080419
500625742337726524
1638968519928678140
433268155507513484
380060229
492539866045632412
1693236095510928988
1515210427924776620
180778720463734524
1051302831711201299
625426353024763764
616104117375558052
1498676511707044419
586982827471591205
492991110732726892
1434854410384414739
1949145773919817748
811300445230743372
983990317868697459
491910807811244172
435266524585047804
457022078971705125
1821463287802913428
530347503
508258864
681741275426824932
571796478
1863106163554460147
561375753367250844
2055609433603945187
2118422882231104067
588736392904505925
2121115283568632587
1694267978258915268
89177898
141225744
530858766
2142386773213606668
1303789683430451859
377252282
377253195
367804685888989404
126819031
1767284112911943580
1756830736135549588
390348130
1988206804936307147
754735732426368604
1821719868102975388
1988576238218866947
1893760439668009500
1432182869747559059
496900752210151764
498105460428662444
1888558213044502428
2265824228261204268
459240314075551445
1796027942873018987
588342958
